           4   1.9775390625000000E-002   235.42602539062500     
           6   3.9062500000000000E-003   235.41015625000000     
           6   3.9062500000000000E-003   235.41015625000000     
           8   1.2359619140625000E-003   235.40748596191406     
           8   1.2359619140625000E-003   235.40748596191406     
          10   5.0624999994397513E-004   235.40675624999994     
          10   5.0624999994397513E-004   235.40675624999994     
          12   2.4414062500000000E-004   235.40649414062500     
          12   2.4414062500000000E-004   235.40649414062500     
          14   1.3178102872757336E-004   235.40638178102873     
          14   1.3178102872757336E-004   235.40638178102873     
          16   7.7247619628906250E-005   235.40632724761963     
          16   7.7247619628906250E-005   235.40632724761963     
          18   4.8225308631799635E-005   235.40629822530863     
          18   4.8225308631799635E-005   235.40629822530863     
          20   3.1640624939655027E-005   235.40628164062494     
          20   3.1640624939655027E-005   235.40628164062494     
          22   2.1610972595453859E-005   235.40627161097260     
          22   2.1610972595453859E-005   235.40627161097260     
          24   1.5258789062500000E-005   235.40626525878906     
          24   1.5258789062500000E-005   235.40626525878906     
          26   1.1078262360797453E-005   235.40626107826236     
          26   1.1078262360797453E-005   235.40626107826236     
          28   8.2363142439589865E-006   235.40625823631424     
          28   8.2363142439589865E-006   235.40625823631424     
          30   6.2500000410636858E-006   235.40625625000004     
          30   6.2500000410636858E-006   235.40625625000004     
          32   4.8279762268066406E-006   235.40625482797623     
          32   4.8279762268066406E-006   235.40625482797623     
          34   3.7883436618812993E-006   235.40625378834366     
          34   3.7883436618812993E-006   235.40625378834366     
          36   3.0140816988932784E-006   235.40625301408170     
          36   3.0140816988932784E-006   235.40625301408170     
          38   2.4278991475057410E-006   235.40625242789915     
          38   2.4278991475057410E-006   235.40625242789915     
          40   1.9775390853737917E-006   235.40625197753909     
          40   1.9775390853737917E-006   235.40625197753909     
          42   1.6269262061996415E-006   235.40625162692621     
          42   1.6269262061996415E-006   235.40625162692621     
          44   1.3506856930689537E-006   235.40625135068569     
          44   1.3506856930689537E-006   235.40625135068569     
          46   1.1306643727948540E-006   235.40625113066437     
          46   1.1306643727948540E-006   235.40625113066437     
          48   9.5367431640625000E-007   235.40625095367432     
          48   9.5367431640625000E-007   235.40625095367432     
          50   8.0999996043829015E-007   235.40625080999996     
          50   8.0999996043829015E-007   235.40625080999996     
          52   6.9239135314091982E-007   235.40625069239135     
          52   6.9239135314091982E-007   235.40625069239135     
          54   5.9537418906074890E-007   235.40625059537419     
          54   5.9537418906074890E-007   235.40625059537419     
          56   5.1476956741680624E-007   235.40625051476957     
          56   5.1476956741680624E-007   235.40625051476957     
          58   4.4735577375831781E-007   235.40625044735577     
          58   4.4735577375831781E-007   235.40625044735577     
          60   3.9062499013198249E-007   235.40625039062499     
          60   3.9062499013198249E-007   235.40625039062499     
          62   3.4260861525581277E-007   235.40625034260862     
          62   3.4260861525581277E-007   235.40625034260862     
          64   3.0174851417541504E-007   235.40625030174851     
          64   3.0174851417541504E-007   235.40625030174851     
          66   2.6680220344132977E-007   235.40625026680220     
          66   2.6680220344132977E-007   235.40625026680220     
          68   2.3677148419665173E-007   235.40625023677148     
          68   2.3677148419665173E-007   235.40625023677148     
          70   2.1084966306261776E-007   235.40625021084966     
          70   2.1084966306261776E-007   235.40625021084966     
          72   1.8838008486454783E-007   235.40625018838008     
          72   1.8838008486454783E-007   235.40625018838008     
          74   1.6882563613762613E-007   235.40625016882564     
          74   1.6882563613762613E-007   235.40625016882564     
          76   1.5174364875747415E-007   235.40625015174365     
          76   1.5174364875747415E-007   235.40625015174365     
          78   1.3676867638423573E-007   235.40625013676868     
          78   1.3676867638423573E-007   235.40625013676868     
          80   1.2359612355794525E-007   235.40625012359612     
          80   1.2359612355794525E-007   235.40625012359612     
          82   1.1197209914826090E-007   235.40625011197210     
          82   1.1197209914826090E-007   235.40625011197210     
          84   1.0168284347855661E-007   235.40625010168284     
          84   1.0168284347855661E-007   235.40625010168284     
          86   9.2548958718907670E-008   235.40625009254896     
          86   9.2548958718907670E-008   235.40625009254896     
          88   8.4417678181125666E-008   235.40625008441768     
          88   8.4417678181125666E-008   235.40625008441768     
          90   7.7160422051747446E-008   235.40625007716042     
          90   7.7160422051747446E-008   235.40625007716042     
          92   7.0666487772541586E-008   235.40625007066649     
          92   7.0666487772541586E-008   235.40625007066649     
          94   6.4841543689908576E-008   235.40625006484154     
          94   6.4841543689908576E-008   235.40625006484154     
          96   5.9604644775390625E-008   235.40625005960464     
          96   5.9604644775390625E-008   235.40625005960464     
          98   5.4885816780370078E-008   235.40625005488582     
          98   5.4885816780370078E-008   235.40625005488582     
         100   5.0624947789401631E-008   235.40625005062495     
         100   5.0624947789401631E-008   235.40625005062495     
         102   4.6769656592005049E-008   235.40625004676966     
         102   4.6769656592005049E-008   235.40625004676966     
         104   4.3274411609672825E-008   235.40625004327441     
         104   4.3274411609672825E-008   235.40625004327441     
         106   4.0099706666296697E-008   235.40625004009971     
         106   4.0099706666296697E-008   235.40625004009971     
         108   3.7210838854662143E-008   235.40625003721084     
         108   3.7210838854662143E-008   235.40625003721084     
         110   3.4577482210806920E-008   235.40625003457748     
         110   3.4577482210806920E-008   235.40625003457748     
         112   3.2172948749575880E-008   235.40625003217295     
         112   3.2172948749575880E-008   235.40625003217295     
         114   2.9973961090945522E-008   235.40625002997396     
         114   2.9973961090945522E-008   235.40625002997396     
         116   2.7959771387031651E-008   235.40625002795977     
         116   2.7959771387031651E-008   235.40625002795977     
         118   2.6111734996447922E-008   235.40625002611173     
         118   2.6111734996447922E-008   235.40625002611173     
         120   2.4414163135588751E-008   235.40625002441416     
         120   2.4414163135588751E-008   235.40625002441416     
         122   2.2852105985293747E-008   235.40625002285211     
         122   2.2852105985293747E-008   235.40625002285211     
         124   2.1413001149994670E-008   235.40625002141300     
         124   2.1413001149994670E-008   235.40625002141300     
         126   2.0085423102500499E-008   235.40625002008542     
         126   2.0085423102500499E-008   235.40625002008542     
         128   1.8859282135963440E-008   235.40625001885928     
         128   1.8859282135963440E-008   235.40625001885928     
