   2.00000009E-03  -9.65595245    
   3.00000003E-03  -9.89437485    
   4.00000019E-03  -9.89436054    
   4.99999989E-03  -9.65597725    
   6.00000005E-03  -9.77513790    
   7.00000022E-03  -9.89436913    
   8.00000038E-03  -9.77515316    
   8.99999961E-03  -9.77525139    
   9.99999978E-03  -9.89428711    
   1.09999999E-02  -9.65595055    
   1.20000001E-02  -9.89436913    
   1.30000003E-02  -9.77515316    
   1.40000004E-02  -9.77516747    
   1.49999997E-02  -9.89449787    
   1.60000008E-02  -9.65567398    
   1.70000009E-02  -9.89450359    
   1.79999992E-02  -9.77550602    
   1.89999994E-02  -9.77483273    
   1.99999996E-02  -9.89436913    
   2.09999997E-02  -9.65595055    
   2.19999999E-02  -9.89436913    
   2.30000000E-02  -9.77515984    
   2.40000002E-02  -9.89435482    
   2.50000004E-02  -9.65595055    
   2.60000005E-02  -9.89436913    
   2.70000007E-02  -9.65596581    
   2.80000009E-02  -9.89436913    
   2.89999992E-02  -9.89489460    
   2.99999993E-02  -9.65541458    
   3.09999995E-02  -9.89436913    
   3.20000015E-02  -9.65536690    
   3.29999998E-02  -9.89554977    
   3.40000018E-02  -9.77394962    
   3.50000001E-02  -9.89560986    
   3.59999985E-02  -9.65599823    
   3.70000005E-02  -9.89303970    
   3.79999988E-02  -9.77651978    
   3.90000008E-02  -9.77374077    
   3.99999991E-02  -9.77660847    
   4.10000011E-02  -9.89289093    
   4.19999994E-02  -9.65745926    
   4.30000015E-02  -9.89283085    
   4.39999998E-02  -9.77672768    
   4.50000018E-02  -9.77353287    
   4.60000001E-02  -9.77681732    
   4.69999984E-02  -9.89441776    
   4.80000004E-02  -9.65420437    
   4.89999987E-02  -9.89614582    
   5.00000007E-02  -9.77335358    
   5.09999990E-02  -9.77699661    
   5.20000011E-02  -9.77329445    
   5.29999994E-02  -9.89629555    
   5.40000014E-02  -9.65396595    
   5.49999997E-02  -9.89635468    
   5.60000017E-02  -9.77317524    
   5.70000000E-02  -9.77720451    
   5.79999983E-02  -9.77517796    
   5.90000004E-02  -9.77305603    
   5.99999987E-02  -9.89653397    
   6.10000007E-02  -9.65372753    
   6.19999990E-02  -9.89659309    
   6.30000010E-02  -9.77287674    
   6.40000030E-02  -9.77514172    
   6.49999976E-02  -9.77992344    
   6.59999996E-02  -9.77037334    
   6.70000017E-02  -9.77514172    
   6.80000037E-02  -9.89435101    
   6.89999983E-02  -9.66095161    
   7.00000003E-02  -9.88934422    
   7.10000023E-02  -9.77514172    
   7.19999969E-02  -9.78040028    
   7.29999989E-02  -9.76989651    
   7.40000010E-02  -9.77514172    
   7.50000030E-02  -9.77508259    
   7.59999976E-02  -9.78069878    
   7.69999996E-02  -9.88886738    
   7.80000016E-02  -9.65587330    
   7.90000036E-02  -9.89435101    
   7.99999982E-02  -9.66178608    
   8.10000002E-02  -9.88850975    
   8.20000023E-02  -9.77514172    
   8.29999968E-02  -9.78123474    
   8.39999989E-02  -9.76906204    
   8.50000009E-02  -9.77514172    
   8.60000029E-02  -9.77514172    
   8.69999975E-02  -9.78147316    
   8.79999995E-02  -9.88803291    
   8.90000015E-02  -9.65593243    
   9.00000036E-02  -9.77508259    
   9.09999982E-02  -9.90104103    
   9.20000002E-02  -9.64931679    
   9.30000022E-02  -9.77508259    
   9.39999968E-02  -9.90121937    
   9.49999988E-02  -9.76834679    
   9.60000008E-02  -9.65587330    
   9.70000029E-02  -9.89435101    
   9.79999974E-02  -9.66309738    
   9.89999995E-02  -9.88719845    
  0.100000001      -9.77514172    
  0.101000004      -9.65593243    
  0.101999998      -9.90175629    
  0.103000000      -9.76775074    
  0.104000002      -9.65593243    
  0.104999997      -9.90205383    
  0.105999999      -9.76739311    
  0.107000001      -9.65593243    
  0.108000003      -9.89435101    
  0.108999997      -9.78308296    
  0.109999999      -9.64806461    
  0.111000001      -9.89435101    
  0.112000003      -9.65581322    
  0.112999998      -9.90264988    
  0.114000000      -9.64770699    
  0.115000002      -9.89435101    
  0.115999997      -9.66434956    
  0.116999999      -9.76679707    
  0.118000001      -9.89423180    
  0.119000003      -9.65593243    
  0.119999997      -9.78391743    
  0.120999999      -9.76643944    
  0.122000001      -9.77514172    
  0.123000003      -9.77514172    
  0.123999998      -9.78415585    
  0.125000000      -9.64687347    
  0.126000002      -9.89435101    
  0.127000004      -9.65593243    
  0.128000006      -9.89435101    
  0.128999993      -9.67479324    
  0.129999995      -9.75630665    
  0.130999997      -9.77514172    
  0.131999999      -9.77514172    
  0.133000001      -9.77514172    
  0.134000003      -9.65593243    
  0.135000005      -9.89435101    
  0.136000007      -9.65581322    
  0.136999995      -9.79519558    
  0.137999997      -9.75523376    
  0.138999999      -9.77514172    
  0.140000001      -9.77514172    
  0.141000003      -9.65593243    
  0.142000005      -9.77502251    
  0.143000007      -9.77514172    
  0.143999994      -9.79626846    
  0.144999996      -9.75416088    
  0.145999998      -9.77514172    
  0.147000000      -9.65593243    
  0.148000002      -9.77502251    
  0.149000004      -9.77514172    
  0.150000006      -9.65593243    
  0.150999993      -9.91643333    
  0.151999995      -9.63399887    
  0.152999997      -9.77514172    
  0.153999999      -9.65581322    
  0.155000001      -9.89435101    
  0.156000003      -9.65593243    
  0.157000005      -9.77514172    
  0.158000007      -9.65593243    
  0.158999994      -9.91750622    
  0.159999996      -9.63280678    
  0.160999998      -9.65593243    
  0.162000000      -9.89435101    
  0.163000003      -9.65593243    
  0.164000005      -9.77514172    
  0.165000007      -9.65593243    
  0.165999994      -9.79936790    
  0.166999996      -9.75094223    
  0.167999998      -9.77514172    
  0.169000000      -9.65593243    
  0.170000002      -9.77514172    
  0.171000004      -9.65593243    
  0.172000006      -9.77502251    
  0.172999993      -9.80044079    
  0.173999995      -9.63078022    
  0.174999997      -9.77514172    
  0.175999999      -9.65593243    
  0.177000001      -9.89435101    
  0.178000003      -9.53672409    
  0.179000005      -9.89423180    
  0.180000007      -9.53672409    
  0.180999994      -9.92084408    
  0.181999996      -9.62958813    
  0.182999998      -9.65593243    
  0.184000000      -9.89435101    
  0.185000002      -9.53660488    
  0.186000004      -9.77514172    
  0.187000006      -9.77514172    
  0.187999994      -9.68337631    
  0.188999996      -9.74784279    
  0.189999998      -9.77514172    
  0.191000000      -9.53660488    
  0.192000002      -9.89435101    
  0.193000004      -9.53672409    
  0.194000006      -9.89435101    
  0.194999993      -9.56511879    
  0.195999995      -9.74688911    
  0.196999997      -9.77502251    
  0.197999999      -9.65593243    
  0.199000001      -9.77514172    
  0.200000003      -9.65593243    
  0.201000005      -9.65593243    
  0.202000007      -9.77514172    
  0.202999994      -9.68552208    
  0.203999996      -9.62636948    
  0.204999998      -9.77514172    
  0.206000000      -9.77514172    
  0.207000002      -9.65593243    
  0.208000004      -9.65593243    
  0.209000006      -9.65593243    
  0.209999993      -9.80556679    
  0.210999995      -9.62565422    
  0.211999997      -9.77490330    
  0.213000000      -9.53672409    
  0.214000002      -9.89435101    
  0.215000004      -9.53672409    
  0.216000006      -9.77514172    
  0.216999993      -9.68754864    
  0.217999995      -9.62446213    
  0.218999997      -9.77514172    
  0.219999999      -9.65593243    
  0.221000001      -9.65593243    
  0.222000003      -9.65593243    
  0.223000005      -9.77514172    
  0.224000007      -9.65569401    
  0.224999994      -9.68874073    
  0.225999996      -9.62327003    
  0.226999998      -9.77514172    
  0.228000000      -9.53672409    
  0.229000002      -9.77514172    
  0.230000004      -9.65593243    
  0.231000006      -9.77514172    
  0.231999993      -9.57048321    
  0.232999995      -9.74152470    
  0.233999997      -9.53672409    
  0.234999999      -9.77514172    
  0.236000001      -9.65569401    
  0.237000003      -9.65593243    
  0.238000005      -9.77514172    
  0.238999993      -9.57167530    
  0.239999995      -9.62112427    
  0.240999997      -9.77514172    
  0.241999999      -9.53672409    
  0.243000001      -9.77514172    
  0.244000003      -9.65593243    
  0.245000005      -9.65593243    
  0.246000007      -9.53672409    
  0.246999994      -9.81105042    
  0.247999996      -9.61993217    
  0.248999998      -9.65593243    
  0.250000000      -9.65593243    
  0.250999987      -9.57334423    
  0.252000004      -9.70204163    
  0.252999991      -9.72927189    
  0.254000008      -9.58235741    
  0.254999995      -9.61053848    
  0.256000012      -9.70084953    
  0.256999999      -9.61125374    
  0.257999986      -9.77552605    
  0.259000003      -9.46148109    
  0.259999990      -9.73141766    
  0.261000007      -9.69941902    
  0.261999995      -9.61268425    
  0.263000011      -9.46028900    
  0.263999999      -9.85182095    
  0.264999986      -9.65607643    
  0.266000003      -9.45957375    
  0.266999990      -9.73332500    
  0.268000007      -9.57830429    
  0.268999994      -9.73380184    
  0.270000011      -9.57782745    
  0.270999998      -9.61506844    
  0.272000015      -9.69631958    
  0.273000002      -9.61578369    
  0.273999989      -9.53710461    
  0.275000006      -9.69536591    
  0.275999993      -9.61673737    
  0.277000010      -9.57568169    
  0.277999997      -9.73642445    
  0.279000014      -9.45575905    
  0.280000001      -9.73713970    
  0.280999988      -9.65631485    
  0.282000005      -9.45480537    
  0.282999992      -9.73809338    
  0.284000009      -9.57353592    
  0.284999996      -9.61935997    
  0.286000013      -9.57305908    
  0.287000000      -9.73904705    
  0.287999988      -9.53686619    
  0.289000005      -9.57234383    
  0.289999992      -9.62055206    
  0.291000009      -9.57162857    
  0.291999996      -9.74047756    
  0.293000013      -9.45194435    
  0.294000000      -9.62174416    
  0.294999987      -9.77552605    
  0.296000004      -9.33178329    
  0.296999991      -9.74190903    
  0.298000008      -9.56948280    
  0.298999995      -9.62341309    
  0.300000012      -9.56900597    
  0.300999999      -9.62388992    
  0.301999986      -9.53686619    
  0.303000003      -9.56829071    
  0.303999990      -9.62460518    
  0.305000007      -9.56781387    
  0.305999994      -9.62508202    
  0.307000011      -9.56709862    
  0.307999998      -9.62603569    
  0.308999985      -9.53686619    
  0.310000002      -9.44693756    
  0.310999990      -9.74596214    
  0.312000006      -9.56566811    
  0.312999994      -9.50801659    
  0.314000010      -9.56519127    
  0.314999998      -9.62770462    
  0.316000015      -9.56447601    
  0.317000002      -9.62841988    
  0.317999989      -9.53710461    
  0.319000006      -9.44431496    
  0.319999993      -9.62937355    
  0.321000010      -9.56304550    
  0.321999997      -9.62985039    
  0.323000014      -9.44312286    
  0.324000001      -9.63056564    
  0.324999988      -9.65607643    
  0.326000005      -9.32320118    
  0.326999992      -9.75049210    
  0.328000009      -9.44193077    
  0.328999996      -9.63175774    
  0.330000013      -9.44145393    
  0.331000000      -9.63223457    
  0.331999987      -9.65631485    
  0.333000004      -9.32129383    
  0.333999991      -9.75239944    
  0.335000008      -9.32057858    
  0.335999995      -9.75311470    
  0.337000012      -9.32010174    
  0.338000000      -9.75359154    
  0.338999987      -9.41789341    
  0.340000004      -9.55756187    
  0.340999991      -9.51612282    
  0.342000008      -9.55708504    
  0.342999995      -9.51659966    
  0.344000012      -9.43716240    
  0.344999999      -9.63652611    
  0.345999986      -9.65607643    
  0.347000003      -9.31724072    
  0.347999990      -9.51803017    
  0.349000007      -9.55517769    
  0.349999994      -9.63771820    
  0.351000011      -9.37565231    
  0.351999998      -9.57882786    
  0.352999985      -9.53710461    
  0.354000002      -9.43430233    
  0.354999989      -9.57978153    
  0.356000006      -9.43382549    
  0.356999993      -9.58025837    
  0.358000010      -9.43334866    
  0.358999997      -9.64034081    
  0.360000014      -9.31342602    
  0.361000001      -9.70066166    
  0.361999989      -9.41765499    
  0.363000005      -9.43191814    
  0.363999993      -9.58216572    
  0.365000010      -9.43144131    
  0.365999997      -9.52303791    
  0.367000014      -9.43096447    
  0.368000001      -9.64272499    
  0.368999988      -9.41789341    
  0.370000005      -9.43001080    
  0.370999992      -9.52446842    
  0.372000009      -9.42929554    
  0.372999996      -9.58478832    
  0.374000013      -9.36921501    
  0.375000000      -9.58526516    
  0.375999987      -9.47749901    
  0.377000004      -9.30865765    
  0.377999991      -9.64582443    
  0.379000008      -9.36778450    
  0.379999995      -9.52709103    
  0.381000012      -9.42667294    
  0.381999999      -9.52780628    
  0.382999986      -9.47726059    
  0.384000003      -9.36635399    
  0.384999990      -9.52852154    
  0.386000007      -9.42548084    
  0.386999995      -9.52899837    
  0.388000011      -9.30579662    
  0.388999999      -9.58907986    
  0.389999986      -9.47749901    
  0.391000003      -9.30484295    
  0.391999990      -9.59003353    
  0.393000007      -9.30412769    
  0.393999994      -9.59074879    
  0.395000011      -9.30365086    
  0.395999998      -9.59122562    
  0.397000015      -9.30317402    
  0.398000002      -9.53209782    
  0.398999989      -9.47726059    
  0.400000006      -9.30245876    
  0.400999993      -9.53281307    
  0.402000010      -9.36134720    
  0.402999997      -9.47392273    
  0.404000014      -9.36087036    
  0.405000001      -9.53400517    
  0.405999988      -9.41789341    
  0.407000005      -9.30031300    
  0.407999992      -9.53495884    
  0.409000009      -9.29983616    
  0.409999996      -9.59504128    
  0.411000013      -9.23951721    
  0.412000000      -9.53615093    
  0.412999988      -9.41765499    
  0.414000005      -9.29840565    
  0.414999992      -9.47726059    
  0.416000009      -9.35729408    
  0.416999996      -9.47821426    
  0.418000013      -9.29721355    
  0.419000000      -9.53781986    
  0.419999987      -9.35804939    
  0.421000004      -9.29673672    
  0.421999991      -9.53877354    
  0.423000008      -9.23617935    
  0.423999995      -9.47964478    
  0.425000012      -9.35490990    
  0.425999999      -9.42099285    
  0.426999986      -9.47726059    
  0.428000003      -9.17514515    
  0.428999990      -9.54115772    
  0.430000007      -9.29387569    
  0.430999994      -9.42194653    
  0.432000011      -9.29339886    
  0.432999998      -9.54211140    
  0.433999985      -9.29844475    
  0.435000002      -9.29244518    
  0.435999990      -9.48345947    
  0.437000006      -9.23188782    
  0.437999994      -9.48393631    
  0.439000010      -9.23188782    
  0.439999998      -9.48441315    
  0.441000015      -9.23093414    
  0.442000002      -9.48488998    
  0.442999989      -9.41765499    
  0.444000006      -9.17085361    
  0.444999993      -9.48584366    
  0.446000010      -9.16989994    
  0.446999997      -9.54592609    
  0.448000014      -9.16989994    
  0.449000001      -9.48679733    
  0.449999988      -9.35804939    
  0.451000005      -9.16894627    
  0.451999992      -9.54735661    
  0.453000009      -9.10838890    
  0.453999996      -9.48822784    
  0.455000013      -9.22711945    
  0.456000000      -9.48918152    
  0.456999987      -9.23883915    
  0.458000004      -9.28576946    
  0.458999991      -9.37044811    
  0.460000008      -9.22616577    
  0.460999995      -9.49013519    
  0.462000012      -9.10600471    
  0.463000000      -9.49061203    
  0.463999987      -9.29892159    
  0.465000004      -9.22425842    
  0.465999991      -9.37235546    
  0.467000008      -9.22378159    
  0.467999995      -9.43291378    
  0.469000012      -9.16370106    
  0.469999999      -9.37330914    
  0.470999986      -9.35804939    
  0.472000003      -9.16322422    
  0.472999990      -9.43386745    
  0.474000007      -9.10266685    
  0.474999994      -9.49394989    
  0.476000011      -9.13223076    
  0.476999998      -9.40525723    
  0.477999985      -9.29844475    
  0.479000002      -9.13127708    
  0.479999989      -9.40621090    
  0.481000006      -9.16036320    
  0.481999993      -9.40668774    
  0.483000010      -9.12984657    
  0.483999997      -9.40716457    
  0.485000014      -9.15940952    
  0.486000001      -9.37807751    
  0.486999989      -9.26840305    
  0.488000005      -9.12889290    
  0.488999993      -9.37855434    
  0.490000010      -9.15797901    
  0.490999997      -9.34946632    
  0.492000014      -9.15750217    
  0.493000001      -9.37998486    
  0.493999988      -9.23883915    
  0.495000005      -9.09694576    
  0.495999992      -9.41050243    
  0.497000009      -9.09646893    
  0.497999996      -9.38141537    
  0.499000013      -9.06595135    
  0.500000000      -9.41145611    
  0.500999987      -9.23883915    
  0.501999974      -9.20927429    
  0.503000021      -8.98033142    
  0.504000008      -9.46724701    
  0.504999995      -9.26887989    
  0.505999982      -9.20927429    
  0.507000029      -8.91834545    
  0.508000016      -9.52923679    
  0.509000003      -9.20879745    
  0.509999990      -9.20927429    
  0.510999978      -9.20927429    
  0.512000024      -8.91596127    
  0.513000011      -9.50157928    
  0.513999999      -9.23931599    
  0.514999986      -9.17923355    
  0.515999973      -9.17923355    
  0.517000020      -8.94314003    
  0.518000007      -9.47487640    
  0.518999994      -9.17923355    
  0.519999981      -9.20927429    
  0.521000028      -8.91071606    
  0.522000015      -9.44721985    
  0.523000002      -9.20927429    
  0.523999989      -9.17923355    
  0.524999976      -9.17923355    
  0.526000023      -8.87876987    
  0.527000010      -9.50920868    
  0.527999997      -9.13488674    
  0.528999984      -9.17923355    
  0.529999971      -9.17923355    
  0.531000018      -8.86112785    
  0.532000005      -9.46724701    
  0.532999992      -9.16445160    
  0.533999979      -9.14966965    
  0.535000026      -8.87352467    
  0.536000013      -9.44006634    
  0.537000000      -9.16445160    
  0.537999988      -9.16445160    
  0.538999975      -9.13440990    
  0.540000021      -8.84110165    
  0.541000009      -9.45771027    
  0.541999996      -9.13440990    
  0.542999983      -9.14966965    
  0.544000030      -8.82393646    
  0.545000017      -9.44483566    
  0.546000004      -9.11962795    
  0.546999991      -9.14966965    
  0.547999978      -9.11962795    
  0.549000025      -8.82155228    
  0.550000012      -9.43243694    
  0.550999999      -9.11962795    
  0.551999986      -9.11962795    
  0.552999973      -9.11247540    
  0.554000020      -8.80343342    
  0.555000007      -9.42814541    
  0.555999994      -9.11247540    
  0.556999981      -9.10484600    
  0.558000028      -8.78626728    
  0.559000015      -9.41527081    
  0.560000002      -9.10484600    
  0.560999990      -9.09721661    
  0.561999977      -9.09769344    
  0.563000023      -8.76862526    
  0.564000010      -9.41431713    
  0.564999998      -9.09006405    
  0.565999985      -9.08243465    
  0.566999972      -9.08243465    
  0.568000019      -8.75861263    
  0.569000006      -9.40191936    
  0.569999993      -9.07718945    
  0.570999980      -9.07289696    
  0.572000027      -8.74573803    
  0.573000014      -9.39381313    
  0.574000001      -9.06717491    
  0.574999988      -9.06383705    
  0.575999975       156.006439    
  0.577000022       724.513550    
  0.578000009       1128.92749    
  0.578999996       1397.95483    
  0.579999983       1516.51648    
  0.580999970       1482.24927    
  0.582000017       1307.04407    
  0.583000004       1016.67236    
  0.583999991       644.876465    
  0.584999979       237.883774    
  0.586000025       3.08070087    
  0.587000012      -9.97127056    
  0.588000000      -10.2139835    
  0.588999987      -10.2139835    
  0.589999974      -10.2092152    
  0.591000021      -10.4541664    
  0.592000008      -9.96220970    
  0.592999995      -10.2039700    
  0.593999982      -10.2020626    
  0.595000029      -10.4436760    
  0.596000016      -9.95601082    
  0.597000003      -10.2001553    
  0.597999990      -10.1887112    
  0.598999977      -10.1963406    
  0.600000024      -10.4298487    
  0.601000011      -9.95124245    
  0.601999998      -10.1777430    
  0.602999985      -10.1925259    
  0.603999972      -10.1853733    
  0.605000019      -10.4117298    
  0.606000006      -9.94313622    
  0.606999993      -10.1777430    
  0.607999980      -10.1703520    
  0.609000027      -10.4091072    
  0.610000014      -9.93812943    
  0.611000001      -10.1703520    
  0.611999989      -10.1629610    
  0.612999976      -10.1703520    
  0.614000022      -10.3912268    
  0.615000010      -9.93383789    
  0.615999997      -10.1553316    
  0.616999984      -10.1629610    
  0.617999971      -10.1479406    
  0.619000018      -10.3883657    
  0.620000005      -9.92167854    
  0.620999992      -10.1479406    
  0.621999979      -10.1479406    
  0.623000026      -10.3712006    
  0.624000013      -9.90928078    
  0.625000000      -10.1627226    
  0.625999987      -10.1331587    
  0.626999974      -10.1331587    
  0.628000021      -10.3678627    
  0.629000008      -9.89759827    
  0.629999995      -10.1479406    
  0.630999982      -10.1329203    
  0.632000029      -10.3359165    
  0.633000016      -9.91476440    
  0.634000003      -10.1329203    
  0.634999990      -10.1181383    
  0.635999978      -10.1181383    
  0.637000024      -10.3328171    
  0.638000011      -9.91786385    
  0.638999999      -10.1033554    
  0.639999986      -10.1329203    
  0.640999973      -10.1033554    
  0.642000020      -10.3146982    
  0.643000007      -9.90594292    
  0.643999994      -10.1033554    
  0.644999981      -10.1181383    
  0.646000028      -10.2975321    
  0.647000015      -9.90832710    
  0.648000002      -10.1031170    
  0.648999989      -10.0885735    
  0.649999976      -10.1031170    
  0.651000023      -10.2946720    
  0.652000010      -9.89640617    
  0.652999997      -10.0883350    
  0.653999984      -10.1031170    
  0.654999971      -10.0735531    
  0.656000018      -10.2765522    
  0.657000005      -9.89950562    
  0.657999992      -10.1031170    
  0.658999979      -10.0735531    
  0.660000026      -10.2741690    
  0.661000013      -9.87208652    
  0.662000000      -10.0735531    
  0.662999988      -10.0733147    
  0.663999975      -10.1033554    
  0.665000021      -10.2412682    
  0.666000009      -9.87518597    
  0.666999996      -10.1031170    
  0.667999983      -10.0139475    
  0.669000030      -10.2984858    
  0.670000017      -9.87757015    
  0.671000004      -10.0437508    
  0.671999991      -10.0435123    
  0.672999978      -10.0735531    
  0.674000025      -10.2658243    
  0.675000012      -9.85062885    
  0.675999999      -10.0733147    
  0.676999986      -10.0139475    
  0.677999973      -10.0733147    
  0.679000020      -10.2629633    
  0.680000007      -9.82368755    
  0.680999994      -10.0437508    
  0.681999981      -10.0733147    
  0.683000028      -10.2307787    
  0.684000015      -9.82631016    
  0.685000002      -10.0733147    
  0.685999990      -10.0139475    
  0.686999977      -10.0435123    
  0.688000023      -10.2276793    
  0.689000010      -9.82917118    
  0.689999998      -10.0437508    
  0.690999985      -10.0435123    
  0.691999972      -10.0139475    
  0.693000019      -10.2245798    
  0.694000006      -9.83227062    
  0.694999993      -10.0437508    
  0.695999980      -10.0137091    
  0.697000027      -10.1923952    
  0.698000014      -9.86445713    
  0.699000001      -9.98414516    
  0.699999988      -10.0435123    
  0.700999975      -10.0139475    
  0.702000022      -10.1895342    
  0.703000009      -9.83751583    
  0.703999996      -10.0137091    
  0.704999983      -10.0139475    
  0.705999970      -10.0137091    
  0.707000017      -10.1568718    
  0.708000004      -9.84061527    
  0.708999991      -10.0137091    
  0.709999979      -10.0139475    
  0.711000025      -10.1542492    
  0.712000012      -9.84299946    
  0.713000000      -9.98390675    
  0.713999987      -10.0139475    
  0.714999974      -9.98390675    
  0.716000021      -10.1811895    
  0.717000008      -9.81605816    
  0.717999995      -9.98414516    
  0.718999982      -9.98390675    
  0.720000029      -10.1788054    
  0.721000016      -9.81868076    
  0.722000003      -9.98390675    
  0.722999990      -9.98414516    
  0.723999977      -9.98390675    
  0.725000024      -10.1459055    
  0.726000011      -9.82154179    
  0.726999998      -9.95434189    
  0.727999985      -10.0137091    
  0.728999972      -9.95434189    
  0.730000019      -10.1430445    
  0.731000006      -9.82440281    
  0.731999993      -9.98414516    
  0.732999980      -9.92430115    
  0.734000027      -10.1704617    
  0.735000014      -9.79698372    
  0.736000001      -10.0139475    
  0.736999989      -9.89449883    
  0.737999976      -10.0139475    
  0.739000022      -10.1077604    
  0.740000010      -9.80008316    
  0.740999997      -9.95410347    
  0.741999984      -10.0139475    
  0.742999971      -9.89449883    
  0.744000018      -10.1645012    
  0.745000005      -9.74333954    
  0.745999992      -10.0139475    
  0.746999979      -9.95434189    
  0.748000026      -10.0429134    
  0.749000013      -9.86493397    
  0.750000000      -9.89449883    
  0.750999987      -10.0139475    
  0.751999974      -9.89449883    
  0.753000021      -10.1592560    
  0.754000008      -9.74858475    
  0.754999995      -9.95434189    
  0.755999982      -9.95410347    
  0.757000029      -10.0376682    
  0.758000016      -9.87017918    
  0.759000003      -9.89473724    
  0.759999990      -9.95434189    
  0.760999978      -9.95410347    
  0.762000024      -10.0345688    
  0.763000011      -9.81367302    
  0.763999999      -9.95434189    
  0.764999986      -9.89449883    
  0.765999973      -9.95434189    
  0.767000020      -10.0913105    
  0.768000007      -9.75692940    
  0.768999994      -9.95410347    
  0.769999981      -9.95434189    
  0.771000028      -10.0293245    
  0.772000015      -9.75931358    
  0.773000002      -9.95434189    
  0.773999989      -9.89449883    
  0.774999976      -9.95434189    
  0.776000023      -10.0858269    
  0.777000010      -9.76241302    
  0.777999997      -9.89449883    
  0.778999984      -9.95434189    
  0.779999971      -9.89449883    
  0.781000018      -10.0233641    
  0.782000005      -9.82487965    
  0.782999992      -9.89473724    
  0.783999979      -9.89449883    
  0.785000026      -10.0808201    
  0.786000013      -9.76741982    
  0.787000000      -9.89473724    
  0.787999988      -9.89473724    
  0.788999975      -9.95410347    
  0.790000021      -10.0181189    
  0.791000009      -9.77051926    
  0.791999996      -9.89473724    
  0.792999983      -9.95410347    
  0.794000030      -9.95613289    
  0.795000017      -9.83250904    
  0.796000004      -9.83513165    
  0.796999991      -9.95410347    
  0.797999978      -9.89473724    
  0.799000025      -10.0127544    
  0.800000012      -9.77588367    
  0.800999999      -9.89461803    
  0.801999986      -9.89461803    
  0.802999973      -9.89461803    
  0.804000020      -10.0097752    
  0.805000007      -9.77886391    
  0.805999994      -9.89461803    
  0.806999981      -9.89461803    
  0.808000028      -9.94790840    
  0.809000015      -9.84085369    
  0.810000002      -9.89461803    
  0.810999990      -9.83501244    
  0.811999977      -9.89461803    
  0.813000023      -10.0044107    
  0.814000010      -9.78422832    
  0.814999998      -9.89461803    
  0.815999985      -9.83501244    
  0.816999972      -9.95422268    
  0.818000019      -9.94194794    
  0.819000006      -9.72748375    
  0.819999993      -9.95422268    
  0.820999980      -9.83501244    
  0.822000027      -9.99928474    
  0.823000014      -9.78947353    
  0.824000001      -9.83501244    
  0.824999988      -9.89461803    
  0.825999975      -9.83501244    
  0.827000022      -10.0557871    
  0.828000009      -9.67324352    
  0.828999996      -9.95422268    
  0.829999983      -9.83501244    
  0.830999970      -9.89461803    
  0.832000017      -9.93372250    
  0.833000004      -9.73570919    
  0.833999991      -9.95422268    
  0.834999979      -9.83501244    
  0.836000025      -9.93133831    
  0.837000012      -9.79769897    
  0.838000000      -9.83501244    
  0.838999987      -9.89473724    
  0.839999974      -9.83501244    
  0.841000021      -9.98796082    
  0.842000008      -9.74107456    
  0.842999995      -9.83501244    
  0.843999982      -9.89461803    
  0.845000029      -9.92609406    
  0.846000016      -9.80294418    
  0.847000003      -9.83501244    
  0.847999990      -9.89461803    
  0.848999977      -9.77540684    
  0.850000024      -9.98271561    
  0.851000011      -9.80592442    
  0.851999998      -9.83501244    
  0.852999985      -9.83501244    
  0.853999972      -9.83513165    
  0.855000019      -9.92013359    
  0.856000006      -9.80890465    
  0.856999993      -9.83501244    
  0.857999980      -9.89461803    
  0.859000027      -9.85826683    
  0.860000014      -9.81116962    
  0.861000001      -9.83501244    
  0.861999989      -9.83501244    
  0.862999976      -9.89461803    
  0.864000022      -9.85528660    
  0.865000010      -9.81414986    
  0.865999997      -9.83501244    
  0.866999984      -9.83501244    
  0.867999971      -9.83501244    
  0.869000018      -9.91202736    
  0.870000005      -9.75752544    
  0.870999992      -9.89461803    
  0.871999979      -9.77540684    
  0.873000026      -9.96924591    
  0.874000013      -9.75979042    
  0.875000000      -9.77540684    
  0.875999987      -9.89461803    
  0.876999974      -9.83501244    
  0.878000021      -9.90666389    
  0.879000008      -9.76277065    
  0.879999995      -9.77540684    
  0.880999982      -9.89461803    
  0.882000029      -9.90439892    
  0.883000016      -9.76503563    
  0.884000003      -9.83501244    
  0.884999990      -9.77540684    
  0.885999978      -9.89473724    
  0.887000024      -9.90141869    
  0.888000011      -9.70841026    
  0.888999999      -9.89461803    
  0.889999986      -9.77540684    
  0.890999973      -9.83501244    
  0.892000020      -9.95804024    
  0.893000007      -9.71139050    
  0.893999994      -9.83501244    
  0.894999981      -9.77540684    
  0.896000028      -9.95577526    
  0.897000015      -9.77326107    
  0.898000002      -9.77540684    
  0.898999989      -9.83501244    
  0.899999976      -9.83507156    
  0.901000023      -9.89319324    
  0.902000010      -9.77624130    
  0.902999997      -9.77540684    
  0.903999984      -9.89461803    
  0.904999971      -9.77540684    
  0.906000018      -9.89033222    
  0.907000005      -9.71955681    
  0.907999992      -9.89461803    
  0.908999979      -9.77540684    
  0.910000026      -9.88794804    
  0.911000013      -9.72188091    
  0.912000000      -9.89461803    
  0.912999988      -9.77540684    
  0.913999975      -9.83507156    
  0.915000021      -9.82542610    
  0.916000009      -9.84401226    
  0.916999996      -9.77540684    
  0.917999983      -9.77540684    
  0.919000030      -9.94230556    
  0.920000017      -9.72712612    
  0.921000004      -9.83501244    
  0.921999991      -9.77540684    
  0.922999978      -9.83507156    
  0.924000025      -9.87972355    
  0.925000012      -9.73010635    
  0.925999999      -9.83501244    
  0.926999986      -9.83501244    
  0.927999973      -9.77540684    
  0.929000020      -9.87686253    
  0.930000007      -9.73296738    
  0.930999994      -9.89467716    
  0.931999981      -9.71580124    
  0.933000028      -9.93408012    
  0.934000015      -9.73535156    
  0.935000002      -9.77540684    
  0.935999990      -9.83501244    
  0.936999977      -9.83501244    
  0.938000023      -9.81201553    
  0.939000010      -9.79787827    
  0.939999998      -9.83501244    
  0.940999985      -9.77540684    
  0.941999972      -9.77540684    
  0.943000019      -9.92823982    
  0.944000006      -9.68158817    
  0.944999993      -9.83501244    
  0.945999980      -9.83501244    
  0.947000027      -9.86631298    
  0.948000014      -9.68397236    
  0.949000001      -9.89461803    
  0.949999988      -9.77540684    
  0.950999975      -9.77540684    
  0.952000022      -9.86339283    
  0.953000009      -9.74643898    
  0.953999996      -9.83504200    
  0.954999983      -9.83501244    
  0.955999970      -9.77540684    
  0.957000017      -9.80086994    
  0.958000004      -9.80899429    
  0.958999991      -9.83501244    
  0.959999979      -9.77540684    
  0.961000025      -9.79854584    
  0.962000012      -9.81128883    
  0.963000000      -9.77543640    
  0.963999987      -9.83501244    
  0.964999974      -9.77540684    
  0.966000021      -9.85522747    
  0.967000008      -9.75463390    
  0.967999995      -9.83501244    
  0.968999982      -9.77540684    
  0.970000029      -9.85287285    
  0.971000016      -9.75698853    
  0.972000003      -9.77540684    
  0.972999990      -9.83501244    
  0.973999977      -9.83501244    
  0.975000024      -9.79035091    
  0.976000011      -9.75990963    
  0.976999998      -9.83501244    
  0.977999985      -9.77540684    
  0.978999972      -9.83502674    
  0.980000019      -9.78742981    
  0.981000006      -9.76281548    
  0.981999993      -9.83501244    
  0.982999980      -9.77542210    
  0.984000027      -9.84469223    
  0.985000014      -9.76515484    
  0.986000001      -9.83501244    
  0.986999989      -9.77542210    
  0.987999976      -9.83501244    
  0.989000022      -9.78217793    
  0.990000010      -9.76806831    
  0.990999997      -9.83502007    
  0.991999984      -9.77541447    
  0.992999971      -9.83502007    
  0.994000018      -9.77924919    
  0.995000005      -9.77099609    
  0.995999992      -9.83501625    
  0.996999979      -9.77541447    
  0.998000026      -9.83651924    
  0.999000013      -9.77332783    
   1.00000000      -9.83501911    
   1.00100005      -9.71556568    
   1.00199997      -9.89513111    
   1.00300002      -9.77374363    
   1.00399995      -9.77824783    
   1.00500000      -9.77141380    
   1.00600004      -9.83384895    
   1.00699997      -9.84136581    
   1.00800002      -9.76790333    
   1.00899994      -9.78408909    
   1.00999999      -9.82517242    
   1.01100004      -9.77425003    
   1.01199996      -9.78759098    
   1.01300001      -9.82167149    
   1.01400006      -9.83384514    
   1.01499999      -9.73149109    
   1.01600003      -9.87775612    
   1.01699996      -9.73383141    
   1.01800001      -9.81583023    
   1.01900005      -9.83384514    
   1.01999998      -9.73733330    
   1.02100003      -9.87193012    
   1.02199996      -9.73967266    
   1.02300000      -9.80998898    
   1.02400005      -9.77424335    
   1.02499998      -9.86239243    
   1.02600002      -9.74687099    
   1.02699995      -9.86473274    
   1.02800000      -9.74454689    
   1.02900004      -9.77425766    
   1.02999997      -9.86823463    
   1.03100002      -9.74102974    
   1.03199995      -9.87055874    
   1.03299999      -9.73870564    
   1.03400004      -9.77425766    
   1.03499997      -9.81446743    
   1.03600001      -9.79479122    
   1.03699994      -9.87640095    
   1.03799999      -9.73286438    
   1.03900003      -9.77425766    
   1.03999996      -9.82030869    
   1.04100001      -9.78894997    
   1.04200006      -9.77425766    
   1.04299998      -9.88340473    
   1.04400003      -9.66625977    
   1.04499996      -9.94536877    
   1.04600000      -9.66390514    
   1.04700005      -9.83385944    
   1.04799998      -9.82963753    
   1.04900002      -9.77962208    
   1.04999995      -9.83199215    
   1.05100000      -9.71769619    
   1.05200005      -9.77422810    
   1.05299997      -9.89511776    
   1.05400002      -9.71414948    
   1.05499995      -9.89747238    
   1.05599999      -9.71182537    
   1.05700004      -9.77422810    
   1.05799997      -9.84132099    
   1.05900002      -9.76797009    
   1.05999994      -9.84364605    
   1.06099999      -9.70604324    
   1.06200004      -9.77422810    
   1.06299996      -9.90677166    
   1.06400001      -9.70252705    
   1.06500006      -9.77422810    
   1.06599998      -9.91028881    
   1.06700003      -9.69895077    
   1.06799996      -9.85300446    
   1.06900001      -9.69668579    
   1.07000005      -9.77422810    
   1.07099998      -9.91613007    
   1.07200003      -9.69316959    
   1.07299995      -9.85884571    
   1.07400000      -9.69084549    
   1.07500005      -9.83382988    
   1.07599998      -9.86236286    
   1.07700002      -9.68732834    
   1.07799995      -9.86462784    
   1.07900000      -9.68500423    
   1.08000004      -9.83388996    
   1.08099997      -9.86814499    
   1.08200002      -9.62188625    
   1.08299994      -9.93013859    
   1.08399999      -9.73876476    
   1.08500004      -9.71462631    
   1.08599997      -9.87404633    
   1.08700001      -9.73524857    
   1.08800006      -9.77422810    
   1.08899999      -9.87750340    
   1.09000003      -9.67218971    
   1.09099996      -9.87982845    
   1.09200001      -9.66986561    
   1.09300005      -9.77422810    
   1.09399998      -9.88334560    
   1.09500003      -9.72595024    
   1.09599996      -9.82606125    
   1.09700000      -9.72356701    
   1.09800005      -9.71468544    
   1.09899998      -9.94873619    
   1.10000002      -9.66050816    
   1.10099995      -9.83190250    
   1.10200000      -9.71778488    
   1.10300004      -9.77422810    
   1.10399997      -9.89502907    
   1.10500002      -9.59506512    
   1.10599995      -9.95696259    
   1.10699999      -9.65228271    
   1.10800004      -9.71474552    
   1.10899997      -9.96041965    
   1.11000001      -9.64882565    
   1.11099994      -9.84346676    
   1.11199999      -9.70616245    
   1.11300004      -9.71462631    
   1.11399996      -9.96626091    
   1.11500001      -9.58350182    
   1.11600006      -9.77422810    
   1.11699998      -9.91010952    
   1.11800003      -9.63952827    
   1.11899996      -9.91249371    
   1.12000000      -9.63726330    
   1.12100005      -9.71462631    
   1.12199998      -9.97556019    
   1.12300003      -9.57408524    
   1.12399995      -9.91833591    
   1.12500000      -9.63130283    
   1.12600005      -9.77434731    
   1.12699997      -9.86206532    
   1.12800002      -9.68756676    
   1.12899995      -9.86444950    
   1.13000000      -9.62558079    
   1.13100004      -9.71462631    
   1.13199997      -9.98724365    
   1.13300002      -9.56252193    
   1.13399994      -9.92990017    
   1.13499999      -9.56013870    
   1.13600004      -9.77422810    
   1.13699996      -9.93347645    
   1.13800001      -9.61628342    
   1.13900006      -9.77422810    
   1.13999999      -9.87732506    
   1.14100003      -9.55310535    
   1.14199996      -9.99880791    
   1.14300001      -9.55095959    
   1.14400005      -9.71462631    
   1.14499998      -9.94265652    
   1.14600003      -9.60698509    
   1.14699996      -9.94504070    
   1.14800000      -9.54499912    
   1.14900005      -9.71474552    
   1.14999998      -9.94849777    
   1.15100002      -9.60114479    
   1.15199995      -9.89127350    
   1.15300000      -9.59876060    
   1.15400004      -9.71474552    
   1.15499997      -9.95433998    
   1.15600002      -9.53570175    
   1.15699995      -9.95660496    
   1.15799999      -9.53343678    
   1.15900004      -9.71462631    
   1.15999997      -9.96018124    
   1.16100001      -9.58958149    
   1.16199994      -9.90283775    
   1.16299999      -9.52759552    
   1.16400003      -9.71462631    
   1.16499996      -9.96602249    
   1.16600001      -9.58374023    
   1.16700006      -9.71462631    
   1.16799998      -9.90987110    
   1.16900003      -9.52056217    
   1.16999996      -9.97174549    
   1.17100000      -9.51841736    
   1.17200005      -9.71462631    
   1.17299998      -9.91559410    
   1.17400002      -9.57444286    
   1.17499995      -9.91797829    
   1.17600000      -9.51257610    
   1.17700005      -9.77422810    
   1.17799997      -9.92143536    
   1.17900002      -9.44939804    
   1.17999995      -10.0430374    
   1.18099999      -9.44713306    
   1.18200004      -9.71462631    
   1.18299997      -9.92715740    
   1.18400002      -9.56287956    
   1.18499994      -9.92954254    
   1.18599999      -9.50089359    
   1.18700004      -9.65514374    
   1.18799996      -9.99260807    
   1.18900001      -9.49743748    
   1.19000006      -9.71462631    
   1.19099998      -9.93657589    
   1.19200003      -9.49398041    
   1.19299996      -9.93872166    
   1.19400001      -9.49171543    
   1.19500005      -9.71462631    
   1.19599998      -9.94229889    
   1.19700003      -9.48825836    
   1.19799995      -9.88495445    
   1.19900000      -9.54547596    
   1.20000005      -9.65502453    
   1.20099998      -10.0077496    
   1.20200002      -9.42281532    
   1.20299995      -9.95028591    
   1.20400000      -9.48015213    
   1.20500004      -9.65502453    
   1.20599997      -10.0134716    
   1.20700002      -9.41709423    
   1.20799994      -9.95612812    
   1.20899999      -9.47431183    
   1.21000004      -9.65502453    
   1.21099997      -9.95970440    
   1.21200001      -9.47073555    
   1.21300006      -9.65502453    
   1.21399999      -10.0228901    
   1.21500003      -9.34819412    
   1.21599996      -10.0250359    
   1.21700001      -9.40541172    
   1.21800005      -9.65502453    
   1.21899998      -9.96876526    
   1.22000003      -9.46167564    
   1.22099996      -9.91154003    
   1.22200000      -9.45929146    
   1.22300005      -9.65502453    
   1.22399998      -9.97472572    
   1.22500002      -9.39635277    
   1.22599995      -9.97687149    
   1.22700000      -9.39396858    
   1.22800004      -9.71462631    
   1.22899997      -9.92083931    
   1.23000002      -9.39039230    
   1.23099995      -9.98283291    
   1.23199999      -9.38800812    
   1.23300004      -9.65502453    
   1.23399997      -9.98640919    
   1.23500001      -9.38467026    
   1.23599994      -9.92870808    
   1.23699999      -9.44212627    
   1.23800004      -9.59542274    
   1.23899996      -9.99189281    
   1.24000001      -9.37894821    
   1.24100006      -9.71462631    
   1.24199998      -9.87625217    
   1.24300003      -9.43497467    
   1.24399996      -9.93824482    
   1.24500000      -9.37322712    
   1.24600005      -9.65502453    
   1.24699998      -9.94158363    
   1.24800003      -9.36965084    
   1.24899995      -9.94396782    
   1.25000000      -9.36726665    
   1.25100005      -9.65502453    
   1.25199997      -9.94730568    
   1.25300002      -9.42353058    
   1.25399995      -9.89008141    
   1.25500000      -9.36178303    
   1.25600004      -9.59542274    
   1.25699997      -10.0126371    
   1.25800002      -9.35820675    
   1.25899994      -9.89580345    
   1.25999999      -9.35582352    
   1.26100004      -9.65502453    
   1.26199996      -9.95898914    
   1.26300001      -9.35248566    
   1.26400006      -9.59542274    
   1.26499999      -9.96232700    
   1.26600003      -9.34890938    
   1.26699996      -9.90486431    
   1.26800001      -9.34676361    
   1.26900005      -9.65502453    
   1.26999998      -9.90844059    
   1.27100003      -9.34318733    
   1.27199996      -9.94062901    
   1.27300000      -9.31124115    
   1.27400005      -9.62522316    
   1.27499998      -9.94396782    
   1.27600002      -9.33746529    
   1.27699995      -9.91654778    
   1.27800000      -9.30528069    
   1.27900004      -9.59542274    
   1.27999997      -9.97949409    
   1.28100002      -9.27238083    
   1.28199995      -9.95183563    
   1.28299999      -9.29979706    
   1.28400004      -9.62522316    
   1.28499997      -9.92560768    
   1.28600001      -9.26642036    
   1.28699994      -9.95779705    
   1.28799999      -9.29383755    
   1.28900003      -9.59566116    
   1.28999996      -9.93133068    
   1.29100001      -9.29049969    
   1.29200006      -9.59542274    
   1.29299998      -9.93466854    
   1.29400003      -9.25736046    
   1.29499996      -9.96685696    
   1.29600000      -9.22517586    
   1.29700005      -9.62522316    
   1.29799998      -9.94062901    
   1.29900002      -9.22183800    
   1.29999995      -9.97257996    
   1.30100000      -9.21945381    
   1.30200005      -9.62522316    
   1.30299997      -9.91654778    
   1.30400002      -9.24567890    
   1.30499995      -9.91869354    
   1.30599999      -9.24377155    
   1.30700004      -9.59542274    
   1.30799997      -9.95183563    
   1.30900002      -9.18059349    
   1.30999994      -9.98402500    
   1.31099999      -9.17820930    
   1.31200004      -9.59542274    
   1.31299996      -9.95779705    
   1.31400001      -9.20467281    
   1.31500006      -9.53582096    
   1.31599998      -9.96089649    
   1.31700003      -9.23113632    
   1.31799996      -9.90367222    
   1.31900001      -9.19895077    
   1.32000005      -9.56562138    
   1.32099998      -9.96685696    
   1.32200003      -9.16581249    
   1.32299995      -9.93919849    
   1.32400000      -9.16342831    
   1.32500005      -9.59542274    
   1.32599998      -9.91297054    
   1.32700002      -9.18965340    
   1.32799995      -9.91511726    
   1.32900000      -9.18750763    
   1.33000004      -9.53605938    
   1.33099997      -9.94825935    
   1.33200002      -9.15436840    
   1.33299994      -9.95064354    
   1.33399999      -9.15198517    
   1.33500004      -9.53582096    
   1.33599997      -9.92441559    
   1.33700001      -9.14840889    
   1.33800006      -9.56585979    
   1.33899999      -9.89771080    
   1.34000003      -9.17510986    
   1.34099996      -9.90009499    
   1.34200001      -9.14292526    
   1.34300005      -9.56562138    
   1.34399998      -9.87386703    
   1.34500003      -9.16938877    
   1.34599996      -9.90581799    
   1.34700000      -9.13720322    
   1.34800005      -9.53582096    
   1.34899998      -9.90915585    
   1.35000002      -9.10406494    
   1.35099995      -9.94134521    
   1.35200000      -9.10168076    
   1.35300004      -9.52103901    
   1.35399997      -9.91487885    
   1.35500002      -9.11336231    
   1.35599995      -9.91702461    
   1.35699999      -9.09619713    
   1.35800004      -9.52103901    
   1.35899997      -9.90557957    
   1.36000001      -9.09285927    
   1.36099994      -9.92274666    
   1.36199999      -9.07545567    
   1.36300004      -9.50601959    
   1.36399996      -9.92632294    
   1.36500001      -9.07211781    
   1.36600006      -9.47621918    
   1.36699998      -9.92966175    
   1.36800003      -9.06878090    
   1.36899996      -9.91702461    
   1.37000000      -9.06639671    
   1.37100005      -9.47645760    
   1.37199998      -9.92036247    
   1.37300003      -9.04803944    
   1.37399995      -9.90772533    
   1.37500000      -9.06091309    
   1.37600005      -9.46143723    
   1.37699997      -9.92608452    
   1.37800002      -9.04255581    
   1.37899995      -9.89842606    
   1.38000000      -9.04017162    
   1.38100004      -9.46143723    
   1.38199997      -9.91678619    
   1.38300002      -9.02205276    
   1.38399994      -9.90414906    
   1.38499999      -9.01966858    
   1.38600004      -9.46143723    
   1.38699996      -9.90748692    
   1.38800001      -9.01633072    
   1.38900006      -9.44641781    
   1.38999999      -9.91106319    
   1.39100003      -8.99797344    
   1.39199996      -9.89818764    
   1.39300001      -9.00345707    
   1.39400005      -9.44641781    
   1.39499998      -9.90152645    
   1.39600003      -8.98509979    
   1.39699996      -9.89628029    
   1.39800000      -8.98295403    
   1.39900005      -9.44641781    
   1.39999998      -9.88483524    
   1.40100002      -8.98676872    
   1.40199995      -9.88721943    
   1.40300000      -8.96960258    
   1.40400004      -9.42424583    
   1.40499997      -9.90152645    
   1.40600002      -8.95529842    
   1.40699995      -9.89270401    
   1.40799999      -8.95291424    
   1.40900004      -9.42400742    
   1.40999997      -9.88507366    
   1.41100001      -8.94576263    
   1.41199994      -9.89103508    
   1.41299999      -8.93598747    
   1.41400003      -9.41304111    
   1.41499996      -9.88483524    
   1.41600001      -8.93002701    
   1.41700006      -9.40565014    
   1.41799998      -9.88459682    
   1.41900003      -8.92072964    
   1.41999996      -7.85264683    
   1.42100000       230.471573    
   1.42200005       629.444763    
   1.42299998       898.890808    
   1.42400002       1066.67749    
   1.42499995       1121.49841    
   1.42600000       1065.22754    
   1.42700005       909.746277    
   1.42799997       676.103333    
   1.42900002       389.965424    
   1.42999995       101.212921    
   1.43099999      -8.96817303    
   1.43200004      -10.0243177    
   1.43299997      -9.66452122    
   1.43400002      -10.3812132    
   1.43499994      -9.66308975    
   1.43599999      -10.3773994    
   1.43700004      -10.0154963    
   1.43799996      -9.66380501    
   1.43900001      -10.3681011    
   1.44000006      -10.0126352    
   1.44099998      -9.66380501    
   1.44200003      -10.3571348    
   1.44299996      -9.66237450    
   1.44400001      -10.3566580    
   1.44500005      -10.0014305    
   1.44599998      -9.66595173    
   1.44700003      -10.3418760    
   1.44799995      -9.66452122    
   1.44900000      -10.3394918    
   1.45000005      -10.0016689    
   1.45099998      -9.65665245    
   1.45200002      -10.3323402    
   1.45299995      -9.66690540    
   1.45400000      -10.3261414    
   1.45500004      -9.98283482    
   1.45599997      -9.66642857    
   1.45700002      -10.3228035    
   1.45799994      -9.65402985    
   1.45899999      -10.3201809    
   1.46000004      -9.98283482    
   1.46099997      -9.65760612    
   1.46200001      -10.3092146    
   1.46300006      -9.98283482    
   1.46399999      -9.65379143    
   1.46500003      -10.3056383    
   1.46599996      -9.65617561    
   1.46700001      -10.2882347    
   1.46800005      -9.98283482    
   1.46899998      -9.65236092    
   1.47000003      -10.2922878    
   1.47099996      -9.65450668    
   1.47200000      -10.2825127    
   1.47300005      -9.96781540    
   1.47399998      -9.65832138    
   1.47500002      -10.2786980    
   1.47599995      -9.65331459    
   1.47700000      -10.2763138    
   1.47800004      -9.95303345    
   1.47899997      -9.64926052    
   1.48000002      -10.2877579    
   1.48099995      -9.63686180    
   1.48199999      -10.2555723    
   1.48300004      -9.96805382    
   1.48399997      -9.65498352    
   1.48500001      -10.2522354    
   1.48599994      -9.64258480    
   1.48699999      -10.2646322    
   1.48800004      -9.93801403    
   1.48899996      -9.66118240    
   1.49000001      -10.2312555    
   1.49100006      -9.95303345    
   1.49199998      -9.64973736    
   1.49300003      -10.2426987    
   1.49399996      -9.65212250    
   1.49500000      -10.2252951    
   1.49600005      -9.93801403    
   1.49699998      -9.65569878    
   1.49800003      -10.2217188    
   1.49899995      -9.65808296    
   1.50000000      -10.2193346    
   1.50100005      -9.92347145    
   1.50199997      -9.67644215    
   1.50300002      -10.1859579    
   1.50399995      -9.66404343    
   1.50500000      -10.2133751    
   1.50600004      -9.92323303    
   1.50699997      -9.65259933    
   1.50800002      -10.1950169    
   1.50899994      -9.65498352    
   1.50999999      -10.2076530    
   1.51100004      -9.90845108    
   1.51199996      -9.65832138    
   1.51300001      -10.1892958    
   1.51400006      -9.92323303    
   1.51499999      -9.64711475    
   1.51600003      -10.1854811    
   1.51699996      -9.66452122    
   1.51800001      -10.1683159    
   1.51900005      -9.90845108    
   1.51999998      -9.66785908    
   1.52100003      -10.1647396    
   1.52199996      -9.65546036    
   1.52300000      -10.1623554    
   1.52400005      -9.92323303    
   1.52499998      -9.64425373    
   1.52600002      -10.1587791    
   1.52699995      -9.66142082    
   1.52800000      -10.1563950    
   1.52900004      -9.89343166    
   1.52999997      -9.64997578    
   1.53100002      -10.1678391    
   1.53199995      -9.65236092    
   1.53299999      -10.1356535    
   1.53400004      -9.92323303    
   1.53499997      -9.62613297    
   1.53600001      -10.1619978    
   1.53699994      -9.65820217    
   1.53799999      -10.1298132    
   1.53900003      -9.86363125    
   1.53999996      -9.69170284    
   1.54100001      -10.1262369    
   1.54200006      -9.89343166    
   1.54299998      -9.63555050    
   1.54400003      -10.1524620    
   1.54499996      -9.63793468    
   1.54600000      -10.1202765    
   1.54700005      -9.89343166    
   1.54799998      -9.64151192    
   1.54900002      -10.1466208    
   1.54999995      -9.61397266    
   1.55100000      -10.1442366    
   1.55200005      -9.86363125    
   1.55299997      -9.67715740    
   1.55400002      -10.0810585    
   1.55499995      -9.67954254    
   1.55599999      -10.1085949    
   1.55700004      -9.83382988    
   1.55799997      -9.71280384    
   1.55900002      -10.0454168    
   1.55999994      -9.68538380    
   1.56099999      -10.1026344    
   1.56200004      -9.83382988    
   1.56299996      -9.71876526    
   1.56400001      -10.0395756    
   1.56500006      -9.86363125    
   1.56599998      -9.69241810    
   1.56700003      -10.0658007    
   1.56799996      -9.66499805    
   1.56900001      -10.0634165    
   1.57000005      -9.89343166    
   1.57099998      -9.63877010    
   1.57200003      -10.0599594    
   1.57299995      -9.70064354    
   1.57400000      -10.0277748    
   1.57500005      -9.89343166    
   1.57599998      -9.64461136    
   1.57700002      -10.0539989    
   1.57799995      -9.70660496    
   1.57900000      -10.0219336    
   1.58000004      -9.86363125    
   1.58099997      -9.65045261    
   1.58200002      -10.0779591    
   1.58299994      -9.65283775    
   1.58399999      -10.0457745    
   1.58500004      -9.86363125    
   1.58599997      -9.65641403    
   1.58700001      -10.0423174    
   1.58800006      -9.86363125    
   1.58899999      -9.65987110    
   1.59000003      -10.0387411    
   1.59099996      -9.69206047    
   1.59200001      -10.0065565    
   1.59300005      -9.86363125    
   1.59399998      -9.66583252    
   1.59500003      -10.0030994    
   1.59599996      -9.69790173    
   1.59700000      -10.0305166    
   1.59800005      -9.83382988    
   1.59899998      -9.67167377    
   1.60000002      -10.0269403    
   1.60099995      -9.64413452    
   1.60200000      -10.0545950    
   1.60300004      -9.80402946    
   1.60399997      -9.70720100    
   1.60500002      -9.99141693    
   1.60599995      -9.70958519    
   1.60699999      -9.95923233    
   1.60800004      -9.86375046    
   1.60899997      -9.68323803    
   1.61000001      -9.98557663    
   1.61099994      -9.71542645    
   1.61199999      -9.95339108    
   1.61300004      -9.83382988    
   1.61399996      -9.71900368    
   1.61500001      -9.97973537    
   1.61600006      -9.80402946    
   1.61699998      -9.72246075    
   1.61800003      -9.94635868    
   1.61899996      -9.72484493    
   1.62000000      -9.97377491    
   1.62100005      -9.80402946    
   1.62199998      -9.72842121    
   1.62300003      -9.94051743    
   1.62399995      -9.70088196    
   1.62500000      -9.96793461    
   1.62600005      -9.83382988    
   1.62699997      -9.70445919    
   1.62800002      -9.93455696    
   1.62899995      -9.73664761    
   1.63000000      -9.93229198    
   1.63100004      -9.83382988    
   1.63199997      -9.68049622    
   1.63300002      -9.98831844    
   1.63399994      -9.68288040    
   1.63499999      -9.95625210    
   1.63600004      -9.80402946    
   1.63699996      -9.71614170    
   1.63800001      -9.95267582    
   1.63900006      -9.80402946    
   1.63999999      -9.71965885    
   1.64100003      -9.94921875    
   1.64199996      -9.69217968    
   1.64300001      -9.94683552    
   1.64400005      -9.80408859    
   1.64499998      -9.72550106    
   1.64600003      -9.91351795    
   1.64699996      -9.72788525    
   1.64800000      -9.91119289    
   1.64900005      -9.83382988    
   1.64999998      -9.70159721    
   1.65100002      -9.93747807    
   1.65199995      -9.70392227    
   1.65300000      -9.90529251    
   1.65400004      -9.83388996    
   1.65499997      -9.73724365    
   1.65600002      -9.87197495    
   1.65699995      -9.76937294    
   1.65799999      -9.86970997    
   1.65900004      -9.83382988    
   1.65999997      -9.71328068    
   1.66100001      -9.89599514    
   1.66199994      -9.74540997    
   1.66299999      -9.89367008    
   1.66400003      -9.80402946    
   1.66499996      -9.74892712    
   1.66600001      -9.89009380    
   1.66700006      -9.80408859    
   1.66799998      -9.72263908    
   1.66900003      -9.91637897    
   1.66999996      -9.69515991    
   1.67100000      -9.91411400    
   1.67200005      -9.83382988    
   1.67299998      -9.69867706    
   1.67400002      -9.88079643    
   1.67499995      -9.76061058    
   1.67600000      -9.87847137    
   1.67700005      -9.80402946    
   1.67799997      -9.73432255    
   1.67900002      -9.87489605    
   1.67999995      -9.73670673    
   1.68099999      -9.90237236    
   1.68200004      -9.77422810    
   1.68299997      -9.77002907    
   1.68400002      -9.83925343    
   1.68499994      -9.77229404    
   1.68599999      -9.86678982    
   1.68700004      -9.80402946    
   1.68799996      -9.71620178    
   1.68900001      -9.89304447    
   1.69000006      -9.80405903    
   1.69099998      -9.74952316    
   1.69200003      -9.85972691    
   1.69299996      -9.75187778    
   1.69400001      -9.85737228    
   1.69500005      -9.80405903    
   1.69599998      -9.75536442    
   1.69700003      -9.85388565    
   1.69799995      -9.72791481    
   1.69900000      -9.88133240    
   1.70000005      -9.80405903    
   1.70099998      -9.76120663    
   1.70200002      -9.81824398    
   1.70299995      -9.79336548    
   1.70400000      -9.81591988    
   1.70500004      -9.83382988    
   1.70599997      -9.73727322    
   1.70700002      -9.87197495    
   1.70799994      -9.73959827    
   1.70899999      -9.83987999    
   1.71000004      -9.80402946    
   1.71099997      -9.77291965    
   1.71200001      -9.80656242    
   1.71300006      -9.83382988    
   1.71399999      -9.77642155    
   1.71500003      -9.80304527    
   1.71599996      -9.77874660    
   1.71700001      -9.86030769    
   1.71800005      -9.77425766    
   1.71899998      -9.75244427    
   1.72000003      -9.85680676    
   1.72099996      -9.78458786    
   1.72200000      -9.79487991    
   1.72300005      -9.83384514    
   1.72399998      -9.75828552    
   1.72500002      -9.82117939    
   1.72599995      -9.79043007    
   1.72700000      -9.81882572    
   1.72800004      -9.77425003    
   1.72899997      -9.82374382    
   1.73000002      -9.78552246    
   1.73099995      -9.79627132    
   1.73199999      -9.81299210    
   1.73300004      -9.80404758    
   1.73399997      -9.76997280    
   1.73500001      -9.83928776    
   1.73599994      -9.77231216    
   1.73699999      -9.80714893    
   1.73800004      -9.80404758    
   1.73899996      -9.80562210    
   1.74000001      -9.77384281    
   1.74100006      -9.83384800    
   1.74199998      -9.77932167    
   1.74300003      -9.80014038    
   1.74399996      -9.81146049    
   1.74500000      -9.79780483    
   1.74600005      -9.77425003    
   1.74699998      -9.84477043    
   1.74800003      -9.76449776    
   1.74899995      -9.81729889    
   1.75000000      -9.79196739    
   1.75100005      -9.80404377    
   1.75199997      -9.79100323    
   1.75300002      -9.81825924    
   1.75399995      -9.79335022    
   1.75500000      -9.78611851    
   1.75600004      -9.80404377    
   1.75699997      -9.79683781    
   1.75800002      -9.81241798    
   1.75899994      -9.79919243    
   1.75999999      -9.78027821    
   1.76100004      -9.80404377    
   1.76199996      -9.80269432    
   1.76300001      -9.80657673    
   1.76400006      -9.77424335    
   1.76499999      -9.83600044    
   1.76600003      -9.77327442    
   1.76699996      -9.80853558    
   1.76800001      -9.80072117    
   1.76900005      -9.77425766    
   1.76999998      -9.81202316    
   1.77100003      -9.79723454    
   1.77199996      -9.81437778    
   1.77300000      -9.76507950    
   1.77400005      -9.80405903    
   1.77499998      -9.84766960    
   1.77600002      -9.73179150    
   1.77699995      -9.85002422    
   1.77800000      -9.72946739    
   1.77900004      -9.83382988    
   1.77999997      -9.82370663    
   1.78100002      -9.75575161    
   1.78199995      -9.82606125    
   1.78299999      -9.75342751    
   1.78400004      -9.80402946    
   1.78499997      -9.85938263    
   1.78600001      -9.72010994    
   1.78699994      -9.86167717    
   1.78799999      -9.71778488    
   1.78900003      -9.80405903    
   1.78999996      -9.86519432    
   1.79100001      -9.71426868    
   1.79200006      -9.80402946    
   1.79299998      -9.86874104    
   1.79400003      -9.71075249    
   1.79499996      -9.87100601    
   1.79600000      -9.70848751    
   1.79700005      -9.80402946    
   1.79799998      -9.84471893    
   1.79900002      -9.73477173    
   1.79999995      -9.87684822    
   1.80100000      -9.70258713    
   1.80200005      -9.80402946    
   1.80299997      -9.85062027    
   1.80400002      -9.69906998    
   1.80499995      -9.88268948    
   1.80599999      -9.72660637    
   1.80700004      -9.77422810    
   1.80799997      -9.88620663    
   1.80900002      -9.66348743    
   1.80999994      -9.91833591    
   1.81099999      -9.69090462    
   1.81200004      -9.77428818    
   1.81299996      -9.89204788    
   1.81400001      -9.68738842    
   1.81500006      -9.77428818    
   1.81599998      -9.89550591    
   1.81700003      -9.68393135    
   1.81799996      -9.86808491    
   1.81900001      -9.71140766    
   1.82000005      -9.77422810    
   1.82099998      -9.90140724    
   1.82200003      -9.67809010    
   1.82299995      -9.87392712    
   1.82400000      -9.67576599    
   1.82500005      -9.77422810    
   1.82599998      -9.90718842    
   1.82700002      -9.67230892    
   1.82799995      -9.87970924    
   1.82900000      -9.69972610    
   1.83000004      -9.74448681    
   1.83099997      -9.91303062    
   1.83200002      -9.66640854    
   1.83299994      -9.88561058    
   1.83399999      -9.66408348    
   1.83500004      -9.77422810    
   1.83599997      -9.91887188    
   1.83700001      -9.63082600    
   1.83800006      -9.80402946    
   1.83899999      -9.86278057    
   1.84000003      -9.68691158    
   1.84099996      -9.86504555    
   1.84200001      -9.68458652    
   1.84300005      -9.77434731    
   1.84399998      -9.86850262    
   1.84500003      -9.68113041    
   1.84599996      -9.87088680    
   1.84700000      -9.64894485    
   1.84800005      -9.80402946    
   1.84899998      -9.87446308    
   1.85000002      -9.64548779    
   1.85099995      -9.90653324    
   1.85200000      -9.61330318    
   1.85300004      -9.80402946    
   1.85399997      -9.88030529    
   1.85500002      -9.63964748    
   1.85599995      -9.91225529    
   1.85699999      -9.63738251    
   1.85800004      -9.74442768    
   1.85899997      -9.91583252    
   1.86000001      -9.63380623    
   1.86099994      -9.88841248    
   1.86199999      -9.63154125    
   1.86300004      -9.74442768    
   1.86399996      -9.95147800    
   1.86500001      -9.56836319    
   1.86600006      -9.80402946    
   1.86699998      -9.89544582    
   1.86800003      -9.59470749    
   1.86899996      -9.92751503    
   1.87000000      -9.62212467    
   1.87100005      -9.71462631    
   1.87199998      -9.96077728    
   1.87300003      -9.58898544    
   1.87399995      -9.90343380    
   1.87500000      -9.58660126    
   1.87600005      -9.77422810    
   1.87699997      -9.90701008    
   1.87800002      -9.61294556    
   1.87899995      -9.90927505    
   1.88000000      -9.58076096    
   1.88100004      -9.74442768    
   1.88199997      -9.94265652    
   1.88300002      -9.57718468    
   1.88399994      -9.91523647    
   1.88499999      -9.57491970    
   1.88600004      -9.74442768    
   1.88699996      -9.91857433    
   1.88800001      -9.60126400    
   1.88900006      -9.74442768    
   1.88999999      -9.89234638    
   1.89100003      -9.59780693    
   1.89199996      -9.89461136    
   1.89300001      -9.59542274    
   1.89400005      -9.71462631    
   1.89499998      -9.95779705    
   1.89600003      -9.53236389    
   1.89699996      -9.96006203    
   1.89800000      -9.52997971    
   1.89900005      -9.74442768    
   1.89999998      -9.90391064    
   1.90100002      -9.58624363    
   1.90199995      -9.90617561    
   1.90300000      -9.55405903    
   1.90400004      -9.74442768    
   1.90499997      -9.90975189    
   1.90600002      -9.55060196    
   1.90699995      -9.91201687    
   1.90799999      -9.57801914    
   1.90900004      -9.68482494    
   1.90999997      -9.97520256    
   1.91100001      -9.48515892    
   1.91199994      -9.97734833    
   1.91299999      -9.48289394    
   1.91400003      -9.77422810    
   1.91499996      -9.89151192    
   1.91600001      -9.53892040    
   1.91700006      -9.71474552    
   1.91799998      -9.95457840    
   1.91900003      -9.50566196    
   1.91999996      -9.92715740    
   1.92100000      -9.53307915    
   1.92200005      -9.68494415    
   1.92299998      -9.96041965    
   1.92400002      -9.49982166    
   1.92499995      -9.93288040    
   1.92600000      -9.49755669    
   1.92700005      -9.71474552    
   1.92799997      -9.96614170    
   1.92900002      -9.46429825    
   1.92999995      -9.93872166    
   1.93099999      -9.49171543    
   1.93200004      -9.71462631    
   1.93299997      -9.94229889    
   1.93400002      -9.48825836    
   1.93499994      -9.94444466    
   1.93599999      -9.45619297    
   1.93700004      -9.74442768    
   1.93799996      -9.91821671    
   1.93900001      -9.45273590    
   1.94000006      -9.74442768    
   1.94099998      -9.92167377    
   1.94200003      -9.44915962    
   1.94299996      -9.95386219    
   1.94400001      -9.47669601    
   1.94500005      -9.68482494    
   1.94599998      -9.95732021    
   1.94700003      -9.44331837    
   1.94799995      -9.92990017    
   1.94900000      -9.48575497    
   1.95000005      -9.67004395    
   1.95099998      -9.94802094    
   1.95200002      -9.45261669    
   1.95299995      -9.93538380    
   1.95400000      -9.45023251    
   1.95500004      -9.68506336    
   1.95599997      -9.93896008    
   1.95700002      -9.44665623    
   1.95799994      -9.94134521    
   1.95899999      -9.41471004    
   1.96000004      -9.69984531    
   1.96099997      -9.94468307    
   1.96200001      -9.42615318    
   1.96300006      -9.66980553    
   1.96399999      -9.94825935    
   1.96500003      -9.42281532    
   1.96599996      -9.95040512    
   1.96700001      -9.40541172    
   1.96800005      -9.67004395    
   1.96899998      -9.95398235    
   1.97000003      -9.41685581    
   1.97099996      -9.92656136    
   1.97200000      -9.41447163    
   1.97300005      -9.67004395    
   1.97399998      -9.92990017    
   1.97500002      -9.41113377    
   1.97599995      -9.94706726    
   1.97700000      -9.37918663    
   1.97800004      -9.66980553    
   1.97899997      -9.95064354    
   1.98000002      -9.39063072    
   1.98099995      -9.93800640    
   1.98199999      -9.37322712    
   1.98300004      -9.66980553    
   1.98399997      -9.94158363    
   1.98500001      -9.38467026    
   1.98599994      -9.92894650    
   1.98699999      -9.36750507    
   1.98800004      -9.66980553    
   1.98899996      -9.93252277    
   1.99000001      -9.37894821    
   1.99100006      -9.64000511    
   1.99199998      -9.93586063    
   1.99300003      -9.37537289    
   1.99399996      -9.92322350    
   1.99500000      -9.37322712    
   1.99600005      -9.62522316    
   1.99699998      -9.95660496    
   1.99800003      -9.33984947    
   1.99899995      -9.94372940    
   2.00000000      -9.33770370    
   2.00099993      -9.96113491    
   2.00200009      -9.01334953    
   2.00300002      -10.2470198    
   2.00399995      -9.64234638    
   2.00500011      -9.02169228    
   2.00600004      -10.2463045    
   2.00699997      -9.63495445    
   2.00799990      -9.64234638    
   2.00900006      -8.98998833    
   2.00999999      -10.2703867    
   2.01099992      -9.62017155    
   2.01200008      -8.99809265    
   2.01300001      -10.2548876    
   2.01399994      -9.63495445    
   2.01500010      -8.97616196    
   2.01600003      -10.2620411    
   2.01699996      -9.61993313    
   2.01799989      -9.62756348    
   2.01900005      -8.96710396    
   2.01999998      -10.2634716    
   2.02099991      -9.62017155    
   2.02200007      -8.95256233    
   2.02300000      -10.2780161    
   2.02399993      -9.60515022    
   2.02500010      -8.94588757    
   2.02600002      -10.2773008    
   2.02699995      -9.61254215    
   2.02800012      -8.93158531    
   2.02900004      -10.2768240    
   2.02999997      -9.60515022    
   2.03099990      -9.60515022    
   2.03200006      -8.91871262    
   2.03299999      -10.2784929    
   2.03399992      -9.60515022    
   2.03500009      -8.90417194    
   2.03600001      -10.2854080    
   2.03699994      -9.59775829    
   2.03800011      -8.89558983    
   2.03900003      -10.2885075    
   2.03999996      -9.59203625    
   2.04099989      -9.58845997    
   2.04200006      -8.88271713    
   2.04299998      -10.2930374    
   2.04399991      -9.58464432    
   2.04500008      -8.87199020    
   2.04600000      -10.2932758    
   2.04699993      -9.58249855    
   2.04800010       10.1544695    
   2.04900002       263.403442    
   2.04999995       531.057007    
   2.05100012       711.561401    
   2.05200005       812.360413    
   2.05299997       829.923096    
   2.05399990       766.237061    
   2.05500007       631.951172    
   2.05599999       445.966034    
   2.05699992       226.708862    
   2.05800009       31.5871277    
   2.05900002      -9.38531208    
   2.05999994      -9.92513084    
   2.06100011      -10.4538736    
   2.06200004      -9.39008141    
   2.06299996      -9.92298508    
   2.06399989      -9.92083931    
   2.06500006      -10.4383793    
   2.06599998      -9.39747238    
   2.06699991      -9.91797829    
   2.06800008      -10.4295588    
   2.06900001      -9.39866447    
   2.06999993      -9.91464043    
   2.07100010      -10.4205008    
   2.07200003      -9.40200329    
   2.07299995      -9.91273212    
   2.07399988      -9.91058636    
   2.07500005      -10.4073896    
   2.07599998      -9.40772533    
   2.07699990      -9.90701008    
   2.07800007      -10.3966627    
   2.07900000      -9.41106319    
   2.07999992      -9.90701008    
   2.08100009      -10.3821220    
   2.08200002      -9.42203140    
   2.08299994      -9.89961815    
   2.08400011      -10.3747320    
   2.08500004      -9.42179298    
   2.08599997      -9.89580345    
   2.08699989      -9.90319538    
   2.08800006      -10.3580456    
   2.08899999      -9.42739582    
   2.08999991      -9.89580345    
   2.09100008      -10.3547077    
   2.09200001      -9.42691898    
   2.09299994      -9.89580345    
   2.09400010      -10.3401670    
   2.09500003      -9.43407249    
   2.09599996      -9.89580345    
   2.09699988      -9.88090134    
   2.09800005      -10.3307505    
   2.09899998      -9.44361019    
   2.09999990      -9.88829327    
   2.10100007      -10.3162098    
   2.10200000      -9.44313335    
   2.10299993      -9.88841248    
   2.10400009      -10.3016691    
   2.10500002      -9.45767784    
   2.10599995      -9.88090134    
   2.10700011      -10.2946367    
   2.10800004      -9.45720100    
   2.10899997      -9.88090134    
   2.10999990      -9.87350941    
   2.11100006      -10.2852201    
   2.11199999      -9.46661854    
   2.11299992      -9.86599922    
   2.11400008      -10.2855778    
   2.11500001      -9.45886993    
   2.11599994      -9.87350941    
   2.11700010      -10.2710371    
   2.11800003      -9.47341442    
   2.11899996      -9.86599922    
   2.11999989      -9.86599922    
   2.12100005      -10.2542315    
   2.12199998      -9.48271370    
   2.12299991      -9.86599922    
   2.12400007      -10.2396898    
   2.12500000      -9.48247528    
   2.12599993      -9.86599922    
   2.12700009      -10.2400475    
   2.12800002      -9.47460651    
   2.12899995      -9.86599922    
   2.13000011      -10.2330151    
   2.13100004      -9.49654293    
   2.13199997      -9.85109711    
   2.13299990      -9.85109711    
   2.13400006      -10.2235994    
   2.13499999      -9.49105835    
   2.13599992      -9.86599922    
   2.13700008      -10.2016687    
   2.13800001      -9.49809265    
   2.13899994      -9.85109711    
   2.14000010      -10.2095356    
   2.14100003      -9.50500679    
   2.14199996      -9.83619499    
   2.14299989      -9.86599922    
   2.14400005      -10.1853399    
   2.14499998      -9.49952316    
   2.14599991      -9.86599922    
   2.14700007      -10.1634092    
   2.14800000      -9.52145958    
   2.14899993      -9.85109711    
   2.15000010      -10.1712751    
   2.15100002      -9.51359081    
   2.15199995      -9.85109711    
   2.15300012      -10.1493444    
   2.15400004      -9.53552723    
   2.15499997      -9.83619499    
   2.15599990      -9.85109711    
   2.15700006      -10.1399288    
   2.15799999      -9.54494476    
   2.15899992      -9.83619499    
   2.16000009      -10.1328964    
   2.16100001      -9.55197906    
   2.16199994      -9.82129192    
   2.16300011      -10.1407633    
   2.16400003      -9.54411030    
   2.16499996      -9.83619499    
   2.16599989      -9.83619499    
   2.16700006      -10.1164484    
   2.16799998      -9.55352879    
   2.16899991      -9.82129192    
   2.17000008      -10.1243143    
   2.17100000      -9.56056309    
   2.17199993      -9.82129192    
   2.17300010      -10.1023836    
   2.17400002      -9.56759644    
   2.17499995      -9.83619499    
   2.17600012      -10.0804529    
   2.17700005      -9.57463074    
   2.17799997      -9.83619499    
   2.17899990      -9.82129192    
   2.18000007      -10.0710373    
   2.18099999      -9.58404827    
   2.18199992      -9.83619499    
   2.18300009      -10.0640049    
   2.18400002      -9.57618046    
   2.18499994      -9.83619499    
   2.18600011      -10.0569725    
   2.18700004      -9.58315468    
   2.18799996      -9.83619499    
   2.18899989      -9.80638981    
   2.19000006      -10.0625744    
   2.19099998      -9.60741520    
   2.19199991      -9.80638981    
   2.19300008      -10.0406437    
   2.19400001      -9.61444950    
   2.19499993      -9.80638981    
   2.19600010      -10.0485106    
   2.19700003      -9.59167862    
   2.19799995      -9.83619499    
   2.19899988      -9.80638981    
   2.20000005      -10.0391541    
   2.20099998      -9.60097790    
   2.20199990      -9.82129192    
   2.20300007      -10.0172825    
   2.20400000      -9.60801125    
   2.20499992      -9.83619499    
   2.20600009      -9.99535179    
   2.20700002      -9.62994766    
   2.20799994      -9.80638981    
   2.20900011      -10.0032177    
   2.21000004      -9.63698101    
   2.21099997      -9.82129192    
   2.21199989      -9.80638981    
   2.21300006      -9.97890377    
   2.21399999      -9.64639950    
   2.21499991      -9.82129192    
   2.21600008      -9.97193050    
   2.21700001      -9.65331459    
   2.21799994      -9.80638981    
   2.21900010      -9.96495819    
   2.22000003      -9.66034794    
   2.22099996      -9.82129192    
   2.22199988      -9.79148769    
   2.22300005      -9.97044086    
   2.22399998      -9.66976643    
   2.22499990      -9.79148769    
   2.22600007      -9.96340847    
   2.22700000      -9.66189766    
   2.22799993      -9.82129192    
   2.22900009      -9.92663860    
   2.23000002      -9.68371487    
   2.23099995      -9.80638981    
   2.23200011      -9.93456459    
   2.23300004      -9.69074821    
   2.23399997      -9.79148769    
   2.23499990      -9.82129192    
   2.23600006      -9.91025066    
   2.23699999      -9.70016670    
   2.23799992      -9.80638981    
   2.23900008      -9.91814613    
   2.24000001      -9.69223881    
   2.24099994      -9.80638981    
   2.24200010      -9.91114426    
   2.24300003      -9.69927311    
   2.24399996      -9.79148769    
   2.24499989      -9.82129192    
   2.24600005      -9.91668606    
   2.24699998      -9.67879677    
   2.24799991      -9.80638981    
   2.24900007      -9.92458248    
   2.25000000      -9.68583107    
   2.25099993      -9.80638981    
   2.25200009      -9.88778305    
   2.25300002      -9.72260952    
   2.25399995      -9.80638981    
   2.25500011      -9.88078022    
   2.25600004      -9.72964382    
   2.25699997      -9.80638981    
   2.25799990      -9.77658558    
   2.25900006      -9.90122128    
   2.25999999      -9.70916748    
   2.26099992      -9.83619499    
   2.26200008      -9.83462429    
   2.26300001      -9.74600601    
   2.26399994      -9.80637550    
   2.26500010      -9.85740471    
   2.26600003      -9.75302505    
   2.26699996      -9.77657032    
   2.26799989      -9.83619499    
   2.26900005      -9.81826591    
   2.26999998      -9.76235390    
   2.27099991      -9.80638981    
   2.27200007      -9.84104633    
   2.27300000      -9.76938820    
   2.27399993      -9.80637550    
   2.27500010      -9.80424595    
   2.27600002      -9.77638435    
   2.27699995      -9.83619499    
   2.27800012      -9.76743889    
   2.27900004      -9.81319332    
   2.27999997      -9.80638981    
   2.28099990      -9.77657795    
   2.28200006      -9.84748173    
   2.28299999      -9.76293850    
   2.28399992      -9.80638599    
   2.28500009      -9.81068039    
   2.28600001      -9.79974937    
   2.28699994      -9.77657890    
   2.28800011      -9.80367947    
   2.28900003      -9.83656120    
   2.28999996      -9.77657795    
   2.29099989      -9.77657986    
   2.29200006      -9.82412815    
   2.29299998      -9.81610680    
   2.29399991      -9.77657795    
   2.29500008      -9.78732872    
   2.29600000      -9.82311058    
   2.29699993      -9.80638218    
   2.29800010      -9.78031921    
   2.29900002      -9.80031776    
   2.29999995      -9.80638218    
   2.30100012      -9.80310631    
   2.30200005      -9.80732918    
   2.30299997      -9.77658558    
   2.30399990      -9.83617973    
   2.30500007      -9.73417759    
   2.30599999      -9.84647751    
   2.30699992      -9.80637550    
   2.30800009      -9.75695801    
   2.30900002      -9.85349560    
   2.30999994      -9.77657032    
   2.31100011      -9.74995518    
   2.31200004      -9.86050034    
   2.31299996      -9.80637550    
   2.31399989      -9.80640507    
   2.31500006      -9.71078682    
   2.31599998      -9.86984348    
   2.31699991      -9.80638981    
   2.31800008      -9.73361111    
   2.31900001      -9.84704304    
   2.31999993      -9.80636024    
   2.32100010      -9.72660923    
   2.32200003      -9.88385201    
   2.32299995      -9.77658558    
   2.32399988      -9.80638981    
   2.32500005      -9.71725273    
   2.32599998      -9.89318085    
   2.32699990      -9.77658558    
   2.32800007      -9.71024990    
   2.32900000      -9.90021420    
   2.32999992      -9.77658558    
   2.33100009      -9.70324802    
   2.33200002      -9.89228630    
   2.33299994      -9.80638981    
   2.33400011      -9.68134689    
   2.33500004      -9.91422272    
   2.33599997      -9.79148769    
   2.33699989      -9.79145813    
   2.33800006      -9.67201996    
   2.33899999      -9.92358112    
   2.33999991      -9.79142857    
   2.34100008      -9.66501808    
   2.34200001      -9.91565323    
   2.34299994      -9.80638981    
   2.34400010      -9.65798569    
   2.34500003      -9.92268753    
   2.34599996      -9.79148769    
   2.34699988      -9.79148769    
   2.34800005      -9.64862919    
   2.34899998      -9.93204594    
   2.34999990      -9.80638981    
   2.35100007      -9.62675762    
   2.35200000      -9.95386219    
   2.35299993      -9.77658558    
   2.35400009      -9.64958286    
   2.35500002      -9.93109226    
   2.35599995      -9.80638981    
   2.35700011      -9.61275291    
   2.35800004      -9.95302773    
   2.35899997      -9.79148769    
   2.35999990      -9.79148769    
   2.36100006      -9.61829567    
   2.36199999      -9.94742489    
   2.36299992      -9.80638981    
   2.36400008      -9.59642410    
   2.36500001      -9.96936131    
   2.36599994      -9.77658558    
   2.36700010      -9.61924934    
   2.36800003      -9.96143341    
   2.36899996      -9.77658558    
   2.36999989      -9.80638981    
   2.37100005      -9.56519699    
   2.37199998      -10.0005369    
   2.37299991      -9.77658558    
   2.37400007      -9.57312298    
   2.37500000      -9.99266815    
   2.37599993      -9.77658558    
   2.37700009      -9.58098888    
   2.37800002      -9.98479939    
   2.37899995      -9.79148769    
   2.38000011      -9.55911827    
   2.38100004      -9.99171448    
   2.38199997      -9.77658558    
   2.38299990      -9.79148769    
   2.38400006      -9.54982090    
   2.38499999      -10.0010729    
   2.38599992      -9.77658558    
   2.38700008      -9.55768776    
   2.38800001      -10.0081072    
   2.38899994      -9.76168346    
   2.39000010      -9.55071545    
   2.39100003      -10.0001192    
   2.39199996      -9.79148769    
   2.39299989      -9.77658558    
   2.39400005      -9.51156139    
   2.39499998      -10.0393419    
   2.39599991      -9.76168346    
   2.39700007      -9.51954746    
   2.39800000      -10.0313540    
   2.39899993      -9.76168346    
   2.40000010      -9.51251507    
   2.40100002      -10.0383883    
   2.40199995      -9.77658558    
   2.40300012      -9.49058437    
   2.40400004      -10.0304003    
   2.40499997      -9.79148769    
   2.40599990      -9.74678135    
   2.40700006      -9.49630547    
   2.40799999      -10.0546017    
   2.40899992      -9.76168346    
   2.41000009      -9.47437382    
   2.41100001      -10.0616360    
   2.41199994      -9.76168346    
   2.41300011      -9.46734238    
   2.41400003      -10.0537672    
   2.41499996      -9.76168346    
   2.41599989      -9.77658558    
   2.41700006      -9.44314671    
   2.41799998      -10.0779686    
   2.41899991      -9.74666214    
   2.42000008      -9.46603107    
   2.42100000      -10.0550785    
   2.42199993      -9.76168346    
   2.42300010      -9.44410038    
   2.42400002      -10.0770149    
   2.42499995      -9.74678135    
   2.42600012      -9.45196629    
   2.42700005      -10.0542440    
   2.42799997      -9.77658558    
   2.42899990      -9.74678135    
   2.43000007      -9.41287231    
   2.43099999      -10.0933475    
   2.43199992      -9.76168346    
   2.43300009      -9.39094162    
   2.43400002      -10.1002626    
   2.43499994      -9.76168346    
   2.43600011      -9.38414764    
   2.43700004      -10.1071768    
   2.43799996      -9.74678135    
   2.43899989      -9.74678135    
   2.44000006      -9.38963032    
   2.44099998      -10.1016932    
   2.44199991      -9.74678135    
   2.44300008      -9.38271713    
   2.44400001      -10.1086073    
   2.44499993      -9.73187923    
   2.44600010      -9.39058399    
   2.44700003      -10.1006203    
   2.44799995      -9.73187923    
   2.44899988      -9.76168346    
   2.45000005      -9.35160923    
   2.45099998      -10.1099186    
   2.45199990      -9.74678135    
   2.45300007      -9.34457684    
   2.45400000      -10.1243439    
   2.45499992      -9.73938942    
   2.45600009      -9.34505367    
   2.45700002      -10.1164761    
   2.45799994      -9.73927021    
   2.45900011      -9.33063126    
   2.46000004      -10.1382933    
   2.46099997      -9.72448730    
   2.46199989      -9.73187923    
   2.46300006      -9.32133484    
   2.46399999      -10.1326895    
   2.46499991      -9.73187923    
   2.46600008      -9.30703259    
   2.46700001      -10.1469955    
   2.46799994      -9.72448730    
   2.46900010      -9.30000019    
   2.47000003      -10.1466379    
   2.47099996      -9.71685696    
   2.47199988      -9.73187923    
   2.47300005      -9.28331375    
   2.47399998      -10.1559372    
   2.47499990      -9.71697617    
   2.47600007      -9.27628136    
   2.47700000      -10.1553411    
   2.47799993      -9.72448730    
   2.47900009      -9.26197815    
   2.48000002      -10.1622553    
   2.48099995      -9.71697617    
   2.48200011      -9.26245499    
   2.48300004      -10.1617785    
   2.48399997      -9.70958519    
   2.48499990      -9.70946598    
   2.48600006      -9.25327778    
   2.48699999      -10.1635666    
   2.48799992      -9.71328068    
   2.48900008      -9.23504162    
   2.49000001      -10.1742964    
   2.49099994      -9.70577049    
   2.49200010      -9.22812843    
   2.49300003      -10.1776352    
   2.49399996      -9.70195484    
   2.49499989      -9.70195484    
   2.49600005      -9.21168041    
   2.49699998      -10.1866951    
   2.49799991      -9.69837856    
   2.49900007      -9.20452881    
