   1.00000005E-03  -5.00678970E-03
   2.00000009E-03  -1.46627417E-02
   3.00000003E-03  -2.45571155E-02
   4.00000019E-03  -3.44514772E-02
   4.99999989E-03  -4.41074520E-02
   6.00000005E-03  -5.38825914E-02
   7.00000022E-03  -6.37769625E-02
   8.00000038E-03  -7.35521168E-02
   8.99999961E-03  -8.33273605E-02
   9.99999978E-03  -9.32216495E-02
   1.09999999E-02 -0.102877602    
   1.20000001E-02 -0.112771973    
   1.30000003E-02 -0.122547127    
   1.40000004E-02 -0.132322297    
   1.49999997E-02 -0.142216787    
   1.60000008E-02 -0.151872471    
   1.70000009E-02 -0.161766976    
   1.79999992E-02 -0.171542466    
   1.89999994E-02 -0.181317300    
   1.99999996E-02 -0.191211671    
   2.09999997E-02 -0.200867623    
   2.19999999E-02 -0.210761994    
   2.30000000E-02 -0.220537156    
   2.40000002E-02 -0.230431512    
   2.50000004E-02 -0.240087464    
   2.60000005E-02 -0.249981835    
   2.70000007E-02 -0.259637803    
   2.80000009E-02 -0.269532174    
   2.89999992E-02 -0.279427052    
   2.99999993E-02 -0.289082468    
   3.09999995E-02 -0.298976839    
   3.20000015E-02 -0.308632225    
   3.29999998E-02 -0.318527758    
   3.40000018E-02 -0.328301728    
   3.50000001E-02 -0.338197321    
   3.59999985E-02 -0.347853303    
   3.70000005E-02 -0.357746363    
   3.79999988E-02 -0.367522866    
   3.90000008E-02 -0.377296627    
   3.99999991E-02 -0.387073219    
   4.10000011E-02 -0.396966130    
   4.19999994E-02 -0.406623572    
   4.30000015E-02 -0.416516423    
   4.39999998E-02 -0.426293135    
   4.50000018E-02 -0.436066687    
   4.60000001E-02 -0.445843488    
   4.69999984E-02 -0.455737889    
   4.80000004E-02 -0.465392113    
   4.89999987E-02 -0.475288242    
   5.00000007E-02 -0.485061616    
   5.09999990E-02 -0.494838595    
   5.20000011E-02 -0.504611909    
   5.29999994E-02 -0.514508188    
   5.40000014E-02 -0.524162173    
   5.49999997E-02 -0.534058511    
   5.60000017E-02 -0.543831706    
   5.70000000E-02 -0.553608894    
   5.79999983E-02 -0.563384056    
   5.90000004E-02 -0.573157132    
   5.99999987E-02 -0.583053648    
   6.10000007E-02 -0.592707396    
   6.19999990E-02 -0.602603972    
   6.30000010E-02 -0.612376869    
   6.40000030E-02 -0.622152030    
   6.49999976E-02 -0.631931901    
   6.59999996E-02 -0.641702294    
   6.70000017E-02 -0.651477456    
   6.80000037E-02 -0.661371827    
   6.89999983E-02 -0.671032727    
   7.00000003E-02 -0.680922091    
   7.10000023E-02 -0.690697253    
   7.19999969E-02 -0.700477600    
   7.29999989E-02 -0.710247517    
   7.40000010E-02 -0.720022678    
   7.50000030E-02 -0.729797781    
   7.59999976E-02 -0.739578426    
   7.69999996E-02 -0.749467313    
   7.80000016E-02 -0.759123206    
   7.90000036E-02 -0.769017577    
   7.99999982E-02 -0.778679311    
   8.10000002E-02 -0.788567841    
   8.20000023E-02 -0.798343003    
   8.29999968E-02 -0.808124185    
   8.39999989E-02 -0.817893267    
   8.50000009E-02 -0.827668428    
   8.60000029E-02 -0.837443590    
   8.69999975E-02 -0.847225010    
   8.79999995E-02 -0.857113063    
   8.90000015E-02 -0.866769016    
   9.00000036E-02 -0.876544118    
   9.09999982E-02 -0.886445105    
   9.20000002E-02 -0.896094441    
   9.30000022E-02 -0.905869544    
   9.39999968E-02 -0.915770710    
   9.49999988E-02 -0.925539076    
   9.60000008E-02 -0.935194969    
   9.70000029E-02 -0.945089340    
   9.79999974E-02 -0.954752386    
   9.89999995E-02 -0.964639604    
  0.100000001     -0.974414766    
  0.101000004     -0.984070718    
  0.101999998     -0.993972421    
  0.103000000      -1.00374019    
  0.104000002      -1.01339614    
  0.104999997      -1.02329814    
  0.105999999      -1.03306556    
  0.107000001      -1.04272151    
  0.108000003      -1.05261588    
  0.108999997      -1.06239891    
  0.109999999      -1.07204700    
  0.111000001      -1.08194137    
  0.112000003      -1.09159720    
  0.112999998      -1.10149980    
  0.114000000      -1.11114752    
  0.115000002      -1.12104189    
  0.115999997      -1.13070619    
  0.116999999      -1.14047301    
  0.118000001      -1.15036726    
  0.119000003      -1.16002321    
  0.119999997      -1.16980708    
  0.120999999      -1.17957354    
  0.122000001      -1.18934870    
  0.123000003      -1.19912386    
  0.123999998      -1.20890796    
  0.125000000      -1.21855485    
  0.126000002      -1.22844923    
  0.127000004      -1.23810518    
  0.128000006      -1.24799955    
  0.128999993      -1.25767422    
  0.129999995      -1.26743054    
  0.130999997      -1.27720571    
  0.131999999      -1.28698087    
  0.133000001      -1.29675603    
  0.134000003      -1.30641198    
  0.135000005      -1.31630635    
  0.136000007      -1.32596219    
  0.136999995      -1.33575726    
  0.137999997      -1.34551251    
  0.138999999      -1.35528767    
  0.140000001      -1.36506283    
  0.141000003      -1.37471879    
  0.142000005      -1.38449383    
  0.143000007      -1.39426899    
  0.143999994      -1.40406513    
  0.144999996      -1.41381931    
  0.145999998      -1.42359447    
  0.147000000      -1.43325043    
  0.148000002      -1.44302547    
  0.149000004      -1.45280063    
  0.150000006      -1.46245658    
  0.150999993      -1.47237289    
  0.151999995      -1.48200691    
  0.152999997      -1.49178207    
  0.153999999      -1.50143790    
  0.155000001      -1.51133227    
  0.156000003      -1.52098823    
  0.157000005      -1.53076339    
  0.158000007      -1.54041934    
  0.158999994      -1.55033672    
  0.159999996      -1.55996954    
  0.160999998      -1.56962550    
  0.162000000      -1.57951987    
  0.163000003      -1.58917582    
  0.164000005      -1.59895098    
  0.165000007      -1.60860693    
  0.165999994      -1.61840618    
  0.166999996      -1.62815714    
  0.167999998      -1.63793230    
  0.169000000      -1.64758825    
  0.170000002      -1.65736341    
  0.171000004      -1.66701937    
  0.172000006      -1.67679441    
  0.172999993      -1.68659472    
  0.173999995      -1.69622552    
  0.174999997      -1.70600069    
  0.175999999      -1.71565664    
  0.177000001      -1.72555101    
  0.178000003      -1.73508775    
  0.179000005      -1.74498200    
  0.180000007      -1.75451875    
  0.180999994      -1.76443946    
  0.181999996      -1.77406907    
  0.182999998      -1.78372502    
  0.184000000      -1.79361939    
  0.185000002      -1.80315602    
  0.186000004      -1.81293118    
  0.187000006      -1.82270634    
  0.187999994      -1.83238959    
  0.188999996      -1.84213746    
  0.189999998      -1.85191262    
  0.191000000      -1.86144924    
  0.192000002      -1.87134361    
  0.193000004      -1.88088036    
  0.194000006      -1.89077473    
  0.194999993      -1.90033972    
  0.195999995      -1.91008663    
  0.196999997      -1.91986167    
  0.197999999      -1.92951763    
  0.199000001      -1.93929279    
  0.200000003      -1.94894874    
  0.201000005      -1.95860469    
  0.202000007      -1.96837986    
  0.202999994      -1.97806525    
  0.203999996      -1.98769164    
  0.204999998      -1.99746680    
  0.206000000      -2.00724196    
  0.207000002      -2.01689792    
  0.208000004      -2.02655387    
  0.209000006      -2.03620982    
  0.209999993      -2.04601526    
  0.210999995      -2.05564094    
  0.211999997      -2.06541586    
  0.213000000      -2.07495260    
  0.214000002      -2.08484697    
  0.215000004      -2.09438372    
  0.216000006      -2.10415888    
  0.216999993      -2.11384630    
  0.217999995      -2.12347078    
  0.218999997      -2.13324594    
  0.219999999      -2.14290190    
  0.221000001      -2.15255785    
  0.222000003      -2.16221380    
  0.223000005      -2.17198896    
  0.224000007      -2.18164468    
  0.224999994      -2.19133329    
  0.225999996      -2.20095658    
  0.226999998      -2.21073174    
  0.228000000      -2.22026849    
  0.229000002      -2.23004365    
  0.230000004      -2.23969960    
  0.231000006      -2.24947476    
  0.231999993      -2.25904512    
  0.232999995      -2.26878667    
  0.233999997      -2.27832341    
  0.234999999      -2.28809857    
  0.236000001      -2.29775429    
  0.237000003      -2.30741024    
  0.238000005      -2.31718540    
  0.238999993      -2.32675695    
  0.239999995      -2.33637810    
  0.240999997      -2.34615326    
  0.241999999      -2.35569000    
  0.243000001      -2.36546516    
  0.244000003      -2.37512112    
  0.245000005      -2.38477707    
  0.246000007      -2.39431381    
  0.246999994      -2.40412474    
  0.247999996      -2.41374469    
  0.248999998      -2.42340064    
  0.250000000      -2.43305659    
  0.250999987      -2.44262981    
  0.252000004      -2.45233202    
  0.252999991      -2.46206117    
  0.254000008      -2.47164369    
  0.254999995      -2.48125410    
  0.256000012      -2.49095511    
  0.256999999      -2.50056624    
  0.257999986      -2.51034164    
  0.259000003      -2.51980329    
  0.259999990      -2.52953458    
  0.261000007      -2.53923416    
  0.261999995      -2.54884672    
  0.263000011      -2.55830717    
  0.263999999      -2.56815886    
  0.264999986      -2.57781482    
  0.266000003      -2.58727455    
  0.266999990      -2.59700775    
  0.268000007      -2.60658622    
  0.268999994      -2.61631989    
  0.270000011      -2.62589788    
  0.270999998      -2.63551283    
  0.272000015      -2.64520931    
  0.273000002      -2.65482497    
  0.273999989      -2.66436195    
  0.275000006      -2.67405748    
  0.275999993      -2.68367410    
  0.277000010      -2.69324994    
  0.277999997      -2.70298624    
  0.279000014      -2.71244216    
  0.280000001      -2.72217917    
  0.280999988      -2.73183537    
  0.282000005      -2.74129033    
  0.282999992      -2.75102830    
  0.284000009      -2.76060200    
  0.284999996      -2.77022123    
  0.286000013      -2.77979445    
  0.287000000      -2.78953338    
  0.287999988      -2.79907012    
  0.289000005      -2.80864263    
  0.289999992      -2.81826305    
  0.291000009      -2.82783484    
  0.291999996      -2.83757520    
  0.293000013      -2.84702730    
  0.294000000      -2.85664892    
  0.294999987      -2.86642432    
  0.296000004      -2.87575626    
  0.296999991      -2.88549805    
  0.298000008      -2.89506769    
  0.298999995      -2.90469098    
  0.300000012      -2.91426015    
  0.300999999      -2.92388391    
  0.301999986      -2.93342066    
  0.303000003      -2.94298911    
  0.303999990      -2.95261359    
  0.305000007      -2.96218157    
  0.305999994      -2.97180653    
  0.307000011      -2.98137379    
  0.307999998      -2.99099970    
  0.308999985      -3.00053644    
  0.310000002      -3.00998354    
  0.310999990      -3.01972938    
  0.312000006      -3.02929521    
  0.312999994      -3.03880310    
  0.314000010      -3.04836845    
  0.314999998      -3.05799603    
  0.316000015      -3.06756067    
  0.317000002      -3.07718897    
  0.317999989      -3.08672595    
  0.319000006      -3.09617043    
  0.319999993      -3.10579967    
  0.321000010      -3.11536288    
  0.321999997      -3.12499261    
  0.323000014      -3.13443589    
  0.324000001      -3.14406633    
  0.324999988      -3.15372229    
  0.326000005      -3.16304564    
  0.326999992      -3.17279601    
  0.328000009      -3.18223810    
  0.328999996      -3.19186974    
  0.330000013      -3.20131135    
  0.331000000      -3.21094346    
  0.331999987      -3.22059965    
  0.333000004      -3.22992110    
  0.333999991      -3.23967338    
  0.335000008      -3.24899411    
  0.335999995      -3.25874710    
  0.337000012      -3.26806736    
  0.338000000      -3.27782083    
  0.338999987      -3.28723860    
  0.340000004      -3.29679632    
  0.340999991      -3.30631232    
  0.342000008      -3.31586957    
  0.342999995      -3.32538605    
  0.344000012      -3.33482337    
  0.344999999      -3.34445977    
  0.345999986      -3.35411572    
  0.347000003      -3.36343312    
  0.347999990      -3.37295103    
  0.349000007      -3.38250637    
  0.349999994      -3.39214396    
  0.351000011      -3.40151978    
  0.351999998      -3.41109848    
  0.352999985      -3.42063546    
  0.354000002      -3.43006992    
  0.354999989      -3.43964958    
  0.356000006      -3.44908357    
  0.356999993      -3.45866370    
  0.358000010      -3.46809721    
  0.358999997      -3.47773743    
  0.360000014      -3.48705101    
  0.361000001      -3.49675155    
  0.361999989      -3.50616908    
  0.363000005      -3.51560116    
  0.363999993      -3.52518320    
  0.365000010      -3.53461480    
  0.365999997      -3.54413772    
  0.367000014      -3.55356884    
  0.368000001      -3.56321144    
  0.368999988      -3.57262921    
  0.370000005      -3.58205938    
  0.370999992      -3.59158373    
  0.372000009      -3.60101318    
  0.372999996      -3.61059785    
  0.374000013      -3.61996722    
  0.375000000      -3.62955236    
  0.375999987      -3.63902974    
  0.377000004      -3.64833856    
  0.377999991      -3.65798426    
  0.379000008      -3.66735220    
  0.379999995      -3.67687917    
  0.381000012      -3.68630600    
  0.381999999      -3.69583368    
  0.382999986      -3.70531082    
  0.384000003      -3.71467733    
  0.384999990      -3.72420573    
  0.386000007      -3.73363137    
  0.386999995      -3.74316025    
  0.388000011      -3.75246620    
  0.388999999      -3.76205516    
  0.389999986      -3.77153254    
  0.391000003      -3.78083754    
  0.391999990      -3.79042745    
  0.393000007      -3.79973173    
  0.393999994      -3.80932236    
  0.395000011      -3.81862617    
  0.395999998      -3.82821727    
  0.397000015      -3.83752060    
  0.398000002      -3.84705257    
  0.398999989      -3.85652971    
  0.400000006      -3.86583233    
  0.400999993      -3.87536502    
  0.402000010      -3.88472652    
  0.402999997      -3.89420033    
  0.404000014      -3.90356135    
  0.405000001      -3.91309524    
  0.405999988      -3.92251301    
  0.407000005      -3.93181348    
  0.407999992      -3.94134831    
  0.409000009      -3.95064831    
  0.409999996      -3.96024323    
  0.411000013      -3.96948290    
  0.412000000      -3.97901893    
  0.412999988      -3.98843646    
  0.414000005      -3.99773502    
  0.414999992      -4.00721216    
  0.416000009      -4.01656961    
  0.416999996      -4.02604771    
  0.418000013      -4.03534508    
  0.419000000      -4.04488277    
  0.419999987      -4.05424070    
  0.421000004      -4.06353760    
  0.421999991      -4.07307625    
  0.423000008      -4.08231258    
  0.423999995      -4.09179211    
  0.425000012      -4.10114717    
  0.425999999      -4.11056805    
  0.426999986      -4.12004519    
  0.428000003      -4.12922049    
  0.428999990      -4.13876152    
  0.430000007      -4.14805555    
  0.430999994      -4.15747738    
  0.432000011      -4.16677094    
  0.432999998      -4.17631292    
  0.433999985      -4.18561125    
  0.435000002      -4.19490385    
  0.435999990      -4.20438719    
  0.437000006      -4.21361923    
  0.437999994      -4.22310305    
  0.439000010      -4.23233509    
  0.439999998      -4.24181938    
  0.441000015      -4.25105047    
  0.442000002      -4.26053524    
  0.442999989      -4.26995277    
  0.444000006      -4.27912378    
  0.444999993      -4.28860950    
  0.446000010      -4.29777956    
  0.446999997      -4.30732536    
  0.448000014      -4.31649542    
  0.449000001      -4.32598209    
  0.449999988      -4.33534002    
  0.451000005      -4.34450912    
  0.451999992      -4.35405636    
  0.453000009      -4.36316490    
  0.453999996      -4.37265301    
  0.455000013      -4.38188028    
  0.456000000      -4.39136934    
  0.456999987      -4.40060806    
  0.458000004      -4.40989399    
  0.458999991      -4.41926432    
  0.460000008      -4.42849064    
  0.460999995      -4.43798065    
  0.462000012      -4.44708681    
  0.463000000      -4.45657730    
  0.463999987      -4.46587610    
  0.465000004      -4.47510052    
  0.465999991      -4.48447275    
  0.467000008      -4.49369669    
  0.467999995      -4.50312948    
  0.469000012      -4.51229334    
  0.469999999      -4.52166653    
  0.470999986      -4.53102446    
  0.472000003      -4.54018784    
  0.472999990      -4.54962158    
  0.474000007      -4.55872440    
  0.474999994      -4.56821823    
  0.476000011      -4.57735062    
  0.476999998      -4.58675575    
  0.477999985      -4.59605408    
  0.479000002      -4.60518551    
  0.479999989      -4.61459160    
  0.481000006      -4.62375212    
  0.481999993      -4.63315868    
  0.483000010      -4.64228868    
  0.483999997      -4.65169573    
  0.485000014      -4.66085529    
  0.486000001      -4.67023325    
  0.486999989      -4.67950153    
  0.488000005      -4.68863058    
  0.488999993      -4.69800901    
  0.490000010      -4.70716715    
  0.490999997      -4.71651649    
  0.492000014      -4.72567415    
  0.493000001      -4.73505402    
  0.493999988      -4.74429274    
  0.495000005      -4.75338984    
  0.495999992      -4.76280022    
  0.497000009      -4.77189684    
  0.497999996      -4.78127813    
  0.499000013      -4.79034424    
  0.500000000      -4.79975557    
  0.500999987      -4.80899429    
  0.501999974      -4.81820345    
  0.503000021      -4.82718420    
  0.504000008      -4.83665133    
  0.504999995      -4.84592009    
  0.505999982      -4.85512924    
  0.507000029      -4.86404800    
  0.508000016      -4.87357712    
  0.509000003      -4.88278580    
  0.509999990      -4.89199495    
  0.510999978      -4.90120411    
  0.512000024      -4.91012049    
  0.513000011      -4.91962194    
  0.513999999      -4.92886114    
  0.514999986      -4.93804026    
  0.515999973      -4.94721937    
  0.517000020      -4.95616293    
  0.518000007      -4.96563768    
  0.518999994      -4.97481680    
  0.519999981      -4.98402596    
  0.521000028      -4.99293709    
  0.522000015      -5.00238419    
  0.523000002      -5.01159334    
  0.523999989      -5.02077246    
  0.524999976      -5.02995157    
  0.526000023      -5.03883076    
  0.527000010      -5.04833984    
  0.527999997      -5.05747461    
  0.528999984      -5.06665373    
  0.529999971      -5.07583284    
  0.531000018      -5.08469439    
  0.532000005      -5.09416151    
  0.532999992      -5.10332584    
  0.533999979      -5.11247540    
  0.535000026      -5.12134933    
  0.536000013      -5.13078928    
  0.537000000      -5.13995361    
  0.537999988      -5.14911795    
  0.538999975      -5.15825224    
  0.540000021      -5.16709375    
  0.541000009      -5.17655134    
  0.541999996      -5.18568563    
  0.542999983      -5.19483519    
  0.544000030      -5.20365953    
  0.545000017      -5.21310425    
  0.546000004      -5.22222376    
  0.546999991      -5.23137331    
  0.547999978      -5.24049282    
  0.549000025      -5.24931479    
  0.550000012      -5.25874710    
  0.550999999      -5.26786661    
  0.551999986      -5.27698612    
  0.552999973      -5.28609848    
  0.554000020      -5.29490232    
  0.555000007      -5.30433035    
  0.555999994      -5.31344271    
  0.556999981      -5.32254744    
  0.558000028      -5.33133411    
  0.559000015      -5.34074926    
  0.560000002      -5.34985399    
  0.560999990      -5.35895109    
  0.561999977      -5.36804867    
  0.563000023      -5.37681770    
  0.564000010      -5.38623190    
  0.564999998      -5.39532185    
  0.565999985      -5.40440416    
  0.566999972      -5.41348648    
  0.568000019      -5.42224550    
  0.569000006      -5.43164730    
  0.569999993      -5.44072437    
  0.570999980      -5.44979715    
  0.572000027      -5.45854330    
  0.573000014      -5.46793699    
  0.574000001      -5.47700405    
  0.574999988      -5.48606777    
  0.575999975      -5.33006334    
  0.577000022      -4.60551596    
  0.578000009      -3.47660303    
  0.578999996      -2.07866621    
  0.579999983     -0.562169373    
  0.580999970      0.920060754    
  0.582000017       2.22716594    
  0.583000004       3.24382520    
  0.583999991       3.88869333    
  0.584999979       4.12657404    
  0.586000025       4.12965488    
  0.587000012       4.11968374    
  0.588000000       4.10946989    
  0.588999987       4.09925604    
  0.589999974       4.08904696    
  0.591000021       4.07859230    
  0.592000008       4.06863022    
  0.592999995       4.05842638    
  0.593999982       4.04822445    
  0.595000029       4.03778028    
  0.596000016       4.02782440    
  0.597000003       4.01762438    
  0.597999990       4.00743580    
  0.598999977       3.99723959    
  0.600000024       3.98680925    
  0.601000011       3.97685814    
  0.601999998       3.96668053    
  0.602999985       3.95648813    
  0.603999972       3.94630289    
  0.605000019       3.93589067    
  0.606000006       3.92594767    
  0.606999993       3.91577005    
  0.607999980       3.90559983    
  0.609000027       3.89519024    
  0.610000014       3.88525224    
  0.611000001       3.87508202    
  0.611999989       3.86491919    
  0.612999976       3.85474896    
  0.614000022       3.84435725    
  0.615000010       3.83442354    
  0.615999997       3.82426834    
  0.616999984       3.81410551    
  0.617999971       3.80395770    
  0.619000018       3.79356885    
  0.620000005       3.78364730    
  0.620999992       3.77349949    
  0.621999979       3.76335168    
  0.623000026       3.75297999    
  0.624000013       3.74307084    
  0.625000000       3.73290825    
  0.625999987       3.72277522    
  0.626999974       3.71264219    
  0.628000021       3.70227385    
  0.629000008       3.69237638    
  0.629999995       3.68222857    
  0.630999982       3.67209578    
  0.632000029       3.66175938    
  0.633000016       3.65184474    
  0.634000003       3.64171195    
  0.634999990       3.63159394    
  0.635999978       3.62147593    
  0.637000024       3.61114264    
  0.638000011       3.60122490    
  0.638999999       3.59112167    
  0.639999986       3.58098888    
  0.640999973       3.57088566    
  0.642000020       3.56057048    
  0.643000007       3.55066466    
  0.643999994       3.54056144    
  0.644999981       3.53044343    
  0.646000028       3.52014542    
  0.647000015       3.51023722    
  0.648000002       3.50013423    
  0.648999989       3.49004579    
  0.649999976       3.47994280    
  0.651000023       3.46964765    
  0.652000010       3.45975137    
  0.652999997       3.44966316    
  0.653999984       3.43956017    
  0.654999971       3.42948675    
  0.656000018       3.41920972    
  0.657000005       3.40931034    
  0.657999992       3.39920735    
  0.658999979       3.38913393    
  0.660000026       3.37885928    
  0.661000013       3.36898732    
  0.662000000       3.35891390    
  0.662999988       3.34884071    
  0.663999975       3.33873749    
  0.665000021       3.32849574    
  0.666000009       3.31862068    
  0.666999996       3.30851769    
  0.667999983       3.29850388    
  0.669000030       3.28820491    
  0.670000017       3.27832747    
  0.671000004       3.26828384    
  0.671999991       3.25824046    
  0.672999978       3.24816704    
  0.674000025       3.23790073    
  0.675000012       3.22805023    
  0.675999999       3.21797705    
  0.676999986       3.20796323    
  0.677999973       3.19789004    
  0.679000020       3.18762660    
  0.680000007       3.17780304    
  0.680999994       3.16775942    
  0.681999981       3.15768623    
  0.683000028       3.14745498    
  0.684000015       3.13762879    
  0.685000002       3.12755561    
  0.685999990       3.11754179    
  0.686999977       3.10749841    
  0.688000023       3.09727025    
  0.689000010       3.08744121    
  0.689999998       3.07739758    
  0.690999985       3.06735420    
  0.691999972       3.05734038    
  0.693000019       3.04711533    
  0.694000006       3.03728318    
  0.694999993       3.02723956    
  0.695999980       3.01722598    
  0.697000027       3.00703311    
  0.698000014       2.99716878    
  0.699000001       2.98718476    
  0.699999988       2.97714138    
  0.700999975       2.96712756    
  0.702000022       2.95693755    
  0.703000009       2.94710016    
  0.703999996       2.93708658    
  0.704999983       2.92707276    
  0.705999970       2.91705918    
  0.707000017       2.90690184    
  0.708000004       2.89706135    
  0.708999991       2.88704777    
  0.709999979       2.87703395    
  0.711000025       2.86687922    
  0.712000012       2.85703635    
  0.713000000       2.84705257    
  0.713999987       2.83703876    
  0.714999974       2.82705498    
  0.716000021       2.81687331    
  0.717000008       2.80705738    
  0.717999995       2.79707336    
  0.718999982       2.78708959    
  0.720000029       2.77691031    
  0.721000016       2.76709175    
  0.722000003       2.75710797    
  0.722999990       2.74712396    
  0.723999977       2.73714018    
  0.725000024       2.72699380    
  0.726000011       2.71717238    
  0.726999998       2.70721817    
  0.727999985       2.69720459    
  0.728999972       2.68725038    
  0.730000019       2.67710686    
  0.731000006       2.66728258    
  0.731999993       2.65729856    
  0.732999980       2.64737439    
  0.734000027       2.63720345    
  0.735000014       2.62740660    
  0.736000001       2.61739278    
  0.736999989       2.60749841    
  0.737999976       2.59748459    
  0.739000022       2.58737636    
  0.740000010       2.57757640    
  0.740999997       2.56762242    
  0.741999984       2.55760860    
  0.742999971       2.54771423    
  0.744000018       2.53754926    
  0.745000005       2.52780604    
  0.745999992       2.51779222    
  0.746999979       2.50783801    
  0.748000026       2.49779463    
  0.749000013       2.48792982    
  0.750000000       2.47803545    
  0.750999987       2.46802163    
  0.751999974       2.45812726    
  0.753000021       2.44796753    
  0.754000008       2.43821907    
  0.754999995       2.42826486    
  0.755999982       2.41831088    
  0.757000029       2.40827274    
  0.758000016       2.39840269    
  0.759000003       2.38850808    
  0.759999990       2.37855387    
  0.760999978       2.36859989    
  0.762000024       2.35856485    
  0.763000011       2.34875131    
  0.763999999       2.33879709    
  0.764999986       2.32890272    
  0.765999973       2.31894851    
  0.767000020       2.30885673    
  0.768000007       2.29909992    
  0.768999994       2.28914595    
  0.769999981       2.27919173    
  0.771000028       2.26916194    
  0.772000015       2.25940275    
  0.773000002       2.24944854    
  0.773999989       2.23955417    
  0.774999976       2.22959995    
  0.776000023       2.21951365    
  0.777000010       2.20975137    
  0.777999997       2.19985700    
  0.778999984       2.18990278    
  0.779999971       2.18000841    
  0.781000018       2.16998458    
  0.782000005       2.16015983    
  0.782999992       2.15026522    
  0.783999979       2.14037085    
  0.785000026       2.13028955    
  0.786000013       2.12052226    
  0.787000000       2.11062765    
  0.787999988       2.10073304    
  0.788999975       2.09077907    
  0.790000021       2.08076048    
  0.791000009       2.07099009    
  0.791999996       2.06109548    
  0.792999983       2.05114150    
  0.794000030       2.04118490    
  0.795000017       2.03135252    
  0.796000004       2.02151752    
  0.796999991       2.01156354    
  0.797999978       2.00166893    
  0.799000025       1.99165571    
  0.800000012       1.98187995    
  0.800999999       1.97198546    
  0.801999986       1.96209097    
  0.802999973       1.95219648    
  0.804000020       1.94218624    
  0.805000007       1.93240750    
  0.805999994       1.92251301    
  0.806999981       1.91261852    
  0.808000028       1.90267015    
  0.809000015       1.89282942    
  0.810000002       1.88293493    
  0.810999990       1.87310004    
  0.811999977       1.86320555    
  0.813000023       1.85320067    
  0.814000010       1.84341657    
  0.814999998       1.83352208    
  0.815999985       1.82368720    
  0.816999972       1.81373310    
  0.818000019       1.80379069    
  0.819000006       1.79406333    
  0.819999993       1.78410923    
  0.820999980       1.77427435    
  0.822000027       1.76427460    
  0.823000014       1.75448525    
  0.824000001       1.74465036    
  0.824999988       1.73475587    
  0.825999975       1.72492099    
  0.827000022       1.71486473    
  0.828000009       1.70519161    
  0.828999996       1.69523752    
  0.829999983       1.68540263    
  0.830999970       1.67550814    
  0.832000017       1.66557395    
  0.833000004       1.65583837    
  0.833999991       1.64588428    
  0.834999979       1.63604939    
  0.836000025       1.62611759    
  0.837000012       1.61632001    
  0.838000000       1.60648513    
  0.838999987       1.59659052    
  0.839999974       1.58675563    
  0.841000021       1.57676721    
  0.842000008       1.56702626    
  0.842999995       1.55719137    
  0.843999982       1.54729688    
  0.845000029       1.53737032    
  0.846000016       1.52756751    
  0.847000003       1.51773262    
  0.847999990       1.50783813    
  0.848999977       1.49806285    
  0.850000024       1.48807967    
  0.851000011       1.47827387    
  0.851999998       1.46843898    
  0.852999985       1.45860410    
  0.853999972       1.44876909    
  0.855000019       1.43884850    
  0.856000006       1.42903972    
  0.856999993       1.41920483    
  0.857999980       1.40931034    
  0.859000027       1.39945161    
  0.860000014       1.38964057    
  0.861000001       1.37980568    
  0.861999989       1.36997080    
  0.862999976       1.36007631    
  0.864000022       1.35022056    
  0.865000010       1.34040654    
  0.865999997       1.33057165    
  0.866999984       1.32073677    
  0.867999971       1.31090188    
  0.869000018       1.30098939    
  0.870000005       1.29123199    
  0.870999992       1.28133750    
  0.871999979       1.27156222    
  0.873000026       1.26159251    
  0.874000013       1.25183284    
  0.875000000       1.24205756    
  0.875999987       1.23216307    
  0.876999974       1.22232819    
  0.878000021       1.21242106    
  0.879000008       1.20265841    
  0.879999995       1.19288313    
  0.880999982       1.18298864    
  0.882000029       1.17308378    
  0.883000016       1.16331887    
  0.884000003       1.15348399    
  0.884999990       1.14370871    
  0.885999978       1.13381410    
  0.887000024       1.12391222    
  0.888000011       1.11420393    
  0.888999999       1.10430944    
  0.889999986       1.09453416    
  0.890999973       1.08469927    
  0.892000020       1.07474077    
  0.893000007       1.06502950    
  0.893999994       1.05519462    
  0.894999981       1.04541934    
  0.896000028       1.03546309    
  0.897000015       1.02568996    
  0.898000002       1.01591468    
  0.898999989       1.00607979    
  0.899999976      0.996244848    
  0.901000023      0.986351192    
  0.902000010      0.976575077    
  0.902999997      0.966799796    
  0.903999984      0.956905305    
  0.904999971      0.947130024    
  0.906000018      0.937239230    
  0.907000005      0.927519798    
  0.907999992      0.917625308    
  0.908999979      0.907850027    
  0.910000026      0.897961617    
  0.911000013      0.888239861    
  0.912000000      0.878345370    
  0.912999988      0.868570089    
  0.913999975      0.858735144    
  0.915000021      0.848909259    
  0.916000009      0.839065373    
  0.916999996      0.829290092    
  0.917999983      0.819514811    
  0.919000030      0.809572041    
  0.920000017      0.799845040    
  0.921000004      0.790010154    
  0.921999991      0.780234873    
  0.922999978      0.770399928    
  0.924000025      0.760519743    
  0.925000012      0.750789762    
  0.925999999      0.740954876    
  0.926999986      0.731119990    
  0.927999973      0.721344709    
  0.929000020      0.711467385    
  0.930000007      0.701734543    
  0.930999994      0.691839993    
  0.931999981      0.682124317    
  0.933000028      0.672189772    
  0.934000015      0.662454545    
  0.935000002      0.652679265    
  0.935999990      0.642844379    
  0.936999977      0.633009493    
  0.938000023      0.623197019    
  0.939000010      0.613399267    
  0.939999998      0.603564382    
  0.940999985      0.593789101    
  0.941999972      0.584013820    
  0.943000019      0.574085116    
  0.944000006      0.564403653    
  0.944999993      0.554568768    
  0.945999980      0.544733882    
  0.947000027      0.534867108    
  0.948000014      0.525183260    
  0.949000001      0.515288770    
  0.949999988      0.505513489    
  0.950999975      0.495738208    
  0.952000022      0.485874355    
  0.953000009      0.476128042    
  0.953999996      0.466293126    
  0.954999983      0.456458241    
  0.955999970      0.446682960    
  0.957000017      0.436881632    
  0.958000004      0.427072763    
  0.958999991      0.417237878    
  0.959999979      0.407462597    
  0.961000025      0.397663593    
  0.962000012      0.387852430    
  0.963000000      0.378077120    
  0.963999987      0.368242234    
  0.964999974      0.358466953    
  0.966000021      0.348611265    
  0.967000008      0.338856757    
  0.967999995      0.329021871    
  0.968999982      0.319246590    
  0.970000029      0.309393257    
  0.971000016      0.299636394    
  0.972000003      0.289861113    
  0.972999990      0.280026227    
  0.973999977      0.270191342    
  0.975000024      0.260400534    
  0.976000011      0.250640750    
  0.976999998      0.240805864    
  0.977999985      0.231030583    
  0.978999972      0.221195683    
  0.980000019      0.211407796    
  0.981000006      0.201645106    
  0.981999993      0.191810220    
  0.982999980      0.182034925    
  0.984000027      0.172189772    
  0.985000014      0.162424743    
  0.986000001      0.152589858    
  0.986999989      0.142814562    
  0.987999976      0.132979676    
  0.989000022      0.123197041    
  0.990000010      0.113429099    
  0.990999997      0.103594206    
  0.991999984       9.38189179E-02
  0.992999971       8.39840248E-02
  0.994000018       7.42043182E-02
  0.995000005       6.44334480E-02
  0.995999992       5.45985587E-02
  0.996999979       4.48232703E-02
  0.998000026       3.49862911E-02
  0.999000013       2.52130888E-02
   1.00000000       1.53781967E-02
   1.00100005       5.66217676E-03
   1.00199997      -4.23223665E-03
   1.00300002      -1.40064368E-02
   1.00399995      -2.37839762E-02
   1.00500000      -3.35558467E-02
   1.00600004      -4.33901548E-02
   1.00699997      -5.32308072E-02
   1.00800002      -6.29991665E-02
   1.00899994      -7.27825463E-02
   1.00999999      -8.26081783E-02
   1.01100004      -9.23828855E-02
   1.01199996     -0.102169767    
   1.01300001     -0.111991897    
   1.01400006     -0.121826202    
   1.01499999     -0.131556988    
   1.01600003     -0.141435206    
   1.01699996     -0.151168332    
   1.01800001     -0.160984620    
   1.01900005     -0.170818925    
   1.01999998     -0.180555552    
   1.02100003     -0.190427944    
   1.02199996     -0.200166911    
   1.02300000     -0.209977359    
   1.02400005     -0.219752058    
   1.02499998     -0.229613736    
   1.02600002     -0.239361063    
   1.02699995     -0.249225080    
   1.02800000     -0.258970082    
   1.02900004     -0.268744797    
   1.02999997     -0.278612316    
   1.03100002     -0.288353801    
   1.03199995     -0.298223644    
   1.03299999     -0.307962805    
   1.03400004     -0.317737520    
   1.03499997     -0.327551275    
   1.03600001     -0.337346524    
   1.03699994     -0.347222209    
   1.03799999     -0.356955528    
   1.03900003     -0.366730243    
   1.03999996     -0.376549840    
   1.04100001     -0.386339247    
   1.04200006     -0.396113962    
   1.04299998     -0.405996650    
   1.04400003     -0.415663362    
   1.04499996     -0.425608009    
   1.04600000     -0.435272366    
   1.04700005     -0.445106685    
   1.04799998     -0.454935610    
   1.04900002     -0.464715689    
   1.04999995     -0.474546969    
   1.05100000     -0.484265119    
   1.05200005     -0.494039804    
   1.05299997     -0.503934205    
   1.05400002     -0.513648808    
   1.05499995     -0.523545563    
   1.05599999     -0.533257842    
   1.05700004     -0.543032527    
   1.05799997     -0.552873135    
   1.05900002     -0.562641561    
   1.05999994     -0.572484493    
   1.06099999     -0.582190990    
   1.06200004     -0.591965675    
   1.06299996     -0.601871729    
   1.06400001     -0.611574709    
   1.06500006     -0.621349394    
   1.06599998     -0.631258965    
   1.06700003     -0.640958369    
   1.06799996     -0.650810659    
   1.06900001     -0.660507798    
   1.07000005     -0.670282483    
   1.07099998     -0.680197895    
   1.07200003     -0.689891517    
   1.07299995     -0.699749649    
   1.07400000     -0.709440947    
   1.07500005     -0.719275236    
   1.07599998     -0.729136884    
   1.07700002     -0.738824666    
   1.07799995     -0.748688579    
   1.07900000     -0.758374035    
   1.08000004     -0.768208385    
   1.08099997     -0.778075814    
   1.08200002     -0.787698150    
   1.08299994     -0.797627568    
   1.08399999     -0.807366788    
   1.08500004     -0.817081869    
   1.08599997     -0.826955199    
   1.08700001     -0.836690903    
   1.08800006     -0.846465588    
   1.08899999     -0.856342375    
   1.09000003     -0.866015017    
   1.09099996     -0.875894129    
   1.09200001     -0.885564446    
   1.09300005     -0.895339131    
   1.09399998     -0.905221760    
   1.09500003     -0.914948165    
   1.09599996     -0.924773514    
   1.09700000     -0.934497535    
   1.09800005     -0.944212675    
   1.09899998     -0.954160690    
   1.10000002     -0.963821650    
   1.10099995     -0.973652840    
   1.10200000     -0.983371079    
   1.10300004     -0.993145764    
   1.10399997      -1.00304008    
   1.10500002      -1.01263559    
   1.10599995      -1.02259183    
   1.10699999      -1.03224456    
   1.10800004      -1.04195976    
   1.10899997      -1.05191946    
   1.11000001      -1.06156874    
   1.11099994      -1.07141149    
   1.11199999      -1.08111811    
   1.11300004      -1.09083319    
   1.11399996      -1.10079873    
   1.11500001      -1.11038268    
   1.11600006      -1.12015736    
   1.11699998      -1.13006675    
   1.11800003      -1.13970673    
   1.11899996      -1.14961851    
   1.12000000      -1.15925622    
   1.12100005      -1.16897130    
   1.12199998      -1.17894614    
   1.12300003      -1.18852067    
   1.12399995      -1.19843829    
   1.12500000      -1.20807004    
   1.12600005      -1.21784484    
   1.12699997      -1.22770619    
   1.12800002      -1.23739421    
   1.12899995      -1.24725795    
   1.13000000      -1.25688398    
   1.13100004      -1.26659906    
   1.13199997      -1.27658558    
   1.13300002      -1.28614855    
   1.13399994      -1.29607773    
   1.13499999      -1.30563831    
   1.13600004      -1.31541300    
   1.13699996      -1.32534575    
   1.13800001      -1.33496249    
   1.13900006      -1.34473717    
   1.13999999      -1.35461378    
   1.14100003      -1.36416733    
   1.14199996      -1.37416542    
   1.14300001      -1.38371682    
   1.14400005      -1.39343190    
   1.14499998      -1.40337384    
   1.14600003      -1.41298127    
   1.14699996      -1.42292559    
   1.14800000      -1.43247104    
   1.14900005      -1.44218624    
   1.14999998      -1.45213401    
   1.15100002      -1.46173561    
   1.15199995      -1.47162616    
   1.15300000      -1.48122537    
   1.15400004      -1.49094057    
   1.15499997      -1.50089419    
   1.15600002      -1.51043034    
   1.15699995      -1.52038622    
   1.15799999      -1.52992010    
   1.15900004      -1.53963518    
   1.15999997      -1.54959464    
   1.16100001      -1.55918467    
   1.16199994      -1.56908679    
   1.16299999      -1.57861483    
   1.16400003      -1.58832991    
   1.16499996      -1.59829521    
   1.16600001      -1.60787940    
   1.16700006      -1.61759448    
   1.16799998      -1.62750363    
   1.16900003      -1.63702464    
   1.16999996      -1.64699566    
   1.17100000      -1.65651453    
   1.17200005      -1.66622961    
   1.17299998      -1.67614448    
   1.17400002      -1.68571937    
   1.17499995      -1.69563663    
   1.17600000      -1.70514965    
   1.17700005      -1.71492434    
   1.17799997      -1.72484505    
   1.17900002      -1.73429489    
   1.17999995      -1.74433720    
   1.18099999      -1.75378478    
   1.18200004      -1.76349986    
   1.18299997      -1.77342629    
   1.18400002      -1.78298962    
   1.18499994      -1.79291844    
   1.18599999      -1.80241978    
   1.18700004      -1.81207538    
   1.18799996      -1.82206726    
   1.18900001      -1.83156514    
   1.19000006      -1.84128022    
   1.19099998      -1.85121608    
   1.19200003      -1.86071050    
   1.19299996      -1.87064850    
   1.19400001      -1.88014066    
   1.19500005      -1.88985574    
   1.19599998      -1.89979732    
   1.19700003      -1.90928602    
   1.19799995      -1.91917026    
   1.19900000      -1.92871618    
   1.20000005      -1.93837166    
   1.20099998      -1.94837868    
   1.20200002      -1.95780194    
   1.20299995      -1.96775150    
   1.20400000      -1.97723210    
   1.20500004      -1.98688757    
   1.20599997      -1.99690032    
   1.20700002      -2.00631785    
   1.20799994      -2.01627326    
   1.20899999      -2.02574801    
   1.21000004      -2.03540349    
   1.21099997      -2.04536247    
   1.21200001      -2.05483365    
   1.21300006      -2.06448913    
   1.21399999      -2.07451129    
   1.21500003      -2.08385992    
   1.21599996      -2.09388423    
   1.21700001      -2.10329008    
   1.21800005      -2.11294556    
   1.21899998      -2.12291360    
   1.22000003      -2.13237572    
   1.22099996      -2.14228654    
   1.22200000      -2.15174627    
   1.22300005      -2.16140175    
   1.22399998      -2.17137575    
   1.22500002      -2.18077254    
   1.22599995      -2.19074869    
   1.22700000      -2.20014310    
   1.22800004      -2.20985818    
   1.22899997      -2.21977830    
   1.23000002      -2.22916913    
   1.23099995      -2.23915124    
   1.23199999      -2.24853969    
   1.23300004      -2.25819516    
   1.23399997      -2.26818085    
   1.23500001      -2.27756596    
   1.23599994      -2.28749394    
   1.23699999      -2.29693651    
   1.23800004      -2.30653238    
   1.23899996      -2.31652355    
   1.24000001      -2.32590294    
   1.24100006      -2.33561802    
   1.24199998      -2.34549356    
   1.24300003      -2.35492897    
   1.24399996      -2.36486650    
   1.24500000      -2.37424016    
   1.24600005      -2.38389564    
   1.24699998      -2.39383650    
   1.24800003      -2.40320659    
   1.24899995      -2.41314983    
   1.25000000      -2.42251754    
   1.25100005      -2.43217301    
   1.25199997      -2.44211960    
   1.25300002      -2.45154357    
   1.25399995      -2.46143293    
   1.25500000      -2.47079515    
   1.25600004      -2.48039103    
   1.25699997      -2.49040294    
   1.25800002      -2.49976158    
   1.25899994      -2.50965667    
   1.25999999      -2.51901293    
   1.26100004      -2.52866840    
   1.26199996      -2.53862667    
   1.26300001      -2.54797959    
   1.26400006      -2.55757546    
   1.26499999      -2.56753707    
   1.26600003      -2.57688642    
   1.26699996      -2.58679056    
   1.26800001      -2.59613776    
   1.26900005      -2.60579324    
   1.26999998      -2.61570096    
   1.27100003      -2.62504458    
   1.27199996      -2.63498449    
   1.27300000      -2.64429617    
   1.27400005      -2.65392184    
   1.27499998      -2.66386509    
   1.27600002      -2.67320299    
   1.27699995      -2.68311882    
   1.27800000      -2.69242454    
   1.27900004      -2.70202041    
   1.27999997      -2.71199918    
   1.28100002      -2.72127199    
   1.28199995      -2.73122311    
   1.28299999      -2.74052334    
   1.28400004      -2.75014901    
   1.28499997      -2.76007390    
   1.28600001      -2.76934075    
   1.28699994      -2.77929783    
   1.28799999      -2.78859210    
   1.28900003      -2.79818821    
   1.28999996      -2.80811882    
   1.29100001      -2.81740975    
   1.29200006      -2.82700562    
   1.29299998      -2.83693957    
   1.29400003      -2.84619737    
   1.29499996      -2.85616350    
   1.29600000      -2.86538911    
   1.29700005      -2.87501478    
   1.29799998      -2.88495469    
   1.29900002      -2.89417696    
   1.29999995      -2.90414882    
   1.30100000      -2.91336870    
   1.30200005      -2.92299438    
   1.30299997      -2.93291020    
   1.30400002      -2.94215631    
   1.30499995      -2.95207429    
   1.30599999      -2.96131849    
   1.30700004      -2.97091436    
   1.30799997      -2.98086548    
   1.30900002      -2.99004650    
   1.30999994      -3.00002980    
   1.31099999      -3.00920844    
   1.31200004      -3.01880431    
   1.31299996      -3.02876139    
   1.31400001      -3.03796649    
   1.31500006      -3.04750276    
   1.31599998      -3.05746293    
   1.31700003      -3.06669450    
   1.31799996      -3.07659745    
   1.31900001      -3.08579683    
   1.32000005      -3.09536290    
   1.32099998      -3.10532904    
   1.32200003      -3.11449528    
   1.32299995      -3.12443376    
   1.32400000      -3.13359761    
   1.32500005      -3.14319348    
   1.32599998      -3.15310574    
   1.32700002      -3.16229582    
   1.32799995      -3.17221022    
   1.32900000      -3.18139815    
   1.33000004      -3.19093466    
   1.33099997      -3.20088220    
   1.33200002      -3.21003699    
   1.33299994      -3.21998692    
   1.33399999      -3.22913933    
   1.33500004      -3.23867559    
   1.33599997      -3.24859929    
   1.33700001      -3.25774813    
   1.33800006      -3.26731443    
   1.33899999      -3.27721143    
   1.34000003      -3.28638697    
   1.34099996      -3.29628634    
   1.34200001      -3.30542970    
   1.34300005      -3.31499577    
   1.34399998      -3.32486892    
   1.34500003      -3.33403873    
   1.34599996      -3.34394383    
   1.34700000      -3.35308146    
   1.34800005      -3.36261773    
   1.34899998      -3.37252617    
   1.35000002      -3.38163066    
   1.35099995      -3.39157128    
   1.35200000      -3.40067339    
   1.35300004      -3.41019487    
   1.35399997      -3.42010903    
   1.35500002      -3.42922282    
   1.35599995      -3.43913913    
   1.35699999      -3.44823575    
   1.35800004      -3.45775723    
   1.35899997      -3.46766210    
   1.36000001      -3.47675538    
   1.36099994      -3.48667741    
   1.36199999      -3.49575329    
   1.36300004      -3.50525975    
   1.36399996      -3.51518536    
   1.36500001      -3.52425790    
   1.36600006      -3.53373456    
   1.36699998      -3.54366350    
   1.36800003      -3.55273271    
   1.36899996      -3.56264901    
   1.37000000      -3.57171583    
   1.37100005      -3.58119273    
   1.37199998      -3.59111238    
   1.37300003      -3.60016084    
   1.37399995      -3.61006784    
   1.37500000      -3.61912918    
   1.37600005      -3.62859106    
   1.37699997      -3.63851643    
   1.37800002      -3.64755940    
   1.37899995      -3.65745711    
   1.38000000      -3.66649771    
   1.38100004      -3.67595959    
   1.38199997      -3.68587565    
   1.38300002      -3.69489813    
   1.38399994      -3.70480156    
   1.38499999      -3.71382165    
   1.38600004      -3.72328353    
   1.38699996      -3.73319030    
   1.38800001      -3.74220705    
   1.38900006      -3.75165391    
   1.38999999      -3.76156425    
   1.39100003      -3.77056265    
   1.39199996      -3.78046012    
   1.39300001      -3.78946400    
   1.39400005      -3.79891086    
   1.39499998      -3.80881166    
   1.39600003      -3.81779718    
   1.39699996      -3.82769275    
   1.39800000      -3.83667612    
   1.39900005      -3.84612298    
   1.39999998      -3.85600710    
   1.40100002      -3.86499429    
   1.40199995      -3.87488079    
   1.40300000      -3.88385081    
   1.40400004      -3.89327550    
   1.40499997      -3.90317631    
   1.40600002      -3.91213202    
   1.40699995      -3.92202401    
   1.40799999      -3.93097734    
   1.40900004      -3.94040179    
   1.40999997      -3.95028615    
   1.41100001      -3.95923233    
   1.41199994      -3.96912265    
   1.41299999      -3.97805905    
   1.41400003      -3.98747253    
   1.41499996      -3.99735665    
   1.41600001      -4.00628710    
   1.41700006      -4.01569319    
   1.41799998      -4.02557707    
   1.41900003      -4.03449821    
   1.41999996      -4.04235029    
   1.42100000      -3.81186795    
   1.42200005      -3.18239379    
   1.42299998      -2.28356814    
   1.42400002      -1.21684086    
   1.42499995      -9.54237059E-02
   1.42600000      0.969853580    
   1.42700005       1.87964237    
   1.42799997       2.55569673    
   1.42900002       2.94568038    
   1.42999995       3.04688597    
   1.43099999       3.03791738    
   1.43200004       3.02789259    
   1.43299997       3.01822877    
   1.43400002       3.00784707    
   1.43499994       2.99818468    
   1.43599999       2.98780680    
   1.43700004       2.97779083    
   1.43799996       2.96812773    
   1.43900001       2.95775914    
   1.44000006       2.94774604    
   1.44099998       2.93808293    
   1.44200003       2.92772532    
   1.44299996       2.91806364    
   1.44400001       2.90770650    
   1.44500005       2.89770460    
   1.44599998       2.88803935    
   1.44700003       2.87769699    
   1.44799995       2.86803317    
   1.44900000       2.85769320    
   1.45000005       2.84769106    
   1.45099998       2.83803511    
   1.45200002       2.82770228    
   1.45299995       2.81803608    
   1.45400000       2.80770946    
   1.45500004       2.79772615    
   1.45599997       2.78806043    
   1.45700002       2.77773714    
   1.45799994       2.76808381    
   1.45899999       2.75776315    
   1.46000004       2.74777985    
   1.46099997       2.73812294    
   1.46200001       2.72781324    
   1.46300006       2.71782994    
   1.46399999       2.70817685    
   1.46500003       2.69787073    
   1.46599996       2.68821526    
   1.46700001       2.67792654    
   1.46800005       2.66794324    
   1.46899998       2.65829158    
   1.47000003       2.64799881    
   1.47099996       2.63834500    
   1.47200000       2.62806201    
   1.47300005       2.61809373    
   1.47399998       2.60843611    
   1.47500002       2.59815693    
   1.47599995       2.58850431    
   1.47700000       2.57822752    
   1.47800004       2.56827402    
   1.47899997       2.55862546    
   1.48000002       2.54833722    
   1.48099995       2.53870106    
   1.48199999       2.52844501    
   1.48300004       2.51847649    
   1.48399997       2.50882220    
   1.48500001       2.49856949    
   1.48599994       2.48892760    
   1.48699999       2.47866249    
   1.48800004       2.46872401    
   1.48899996       2.45906353    
   1.49000001       2.44883180    
   1.49100006       2.43887830    
   1.49199998       2.42922926    
   1.49300003       2.41898608    
   1.49399996       2.40933466    
   1.49500000       2.39910889    
   1.49600005       2.38917041    
   1.49699998       2.37951541    
   1.49800003       2.36929321    
   1.49899995       2.35963583    
   1.50000000       2.34941602    
   1.50100005       2.33949208    
   1.50199997       2.32981634    
   1.50300002       2.31962991    
   1.50399995       2.30996656    
   1.50500000       2.29975271    
   1.50600004       2.28982902    
   1.50699997       2.28017712    
   1.50800002       2.26998162    
   1.50899994       2.26032734    
   1.50999999       2.25011921    
   1.51100004       2.24021029    
   1.51199996       2.23055267    
   1.51300001       2.22036290    
   1.51400006       2.21043921    
   1.51499999       2.20079279    
   1.51600003       2.19060683    
   1.51699996       2.18094301    
   1.51800001       2.17077422    
   1.51900005       2.16086531    
   1.51999998       2.15119815    
   1.52100003       2.14103293    
   1.52199996       2.13137817    
   1.52300000       2.12121534    
   1.52400005       2.11129165    
   1.52499998       2.10164809    
   1.52600002       2.09148884    
   1.52699995       2.08182812    
   1.52800000       2.07167125    
   1.52900004       2.06177735    
   1.52999997       2.05212808    
   1.53100002       2.04195976    
   1.53199995       2.03230810    
   1.53299999       2.02217197    
   1.53400004       2.01224828    
   1.53499997       2.00262284    
   1.53600001       1.99246037    
   1.53699994       1.98280287    
   1.53799999       1.97267258    
   1.53900003       1.96280849    
   1.53999996       1.95311749    
   1.54100001       1.94299078    
   1.54200006       1.93309689    
   1.54299998       1.92346203    
   1.54400003       1.91330910    
   1.54499996       1.90367186    
   1.54600000       1.89355111    
   1.54700005       1.88365722    
   1.54799998       1.87401640    
   1.54900002       1.86386931    
   1.54999995       1.85425603    
   1.55100000       1.84411132    
   1.55200005       1.83424723    
   1.55299997       1.82457078    
   1.55400002       1.81448925    
   1.55499995       1.80481040    
   1.55599999       1.79470134    
   1.55700004       1.78486705    
   1.55799997       1.77515495    
   1.55900002       1.76510906    
   1.55999994       1.75542438    
   1.56099999       1.74532127    
   1.56200004       1.73548698    
   1.56299996       1.72576892    
   1.56400001       1.71572888    
   1.56500006       1.70586479    
   1.56599998       1.69617307    
   1.56700003       1.68610680    
   1.56799996       1.67644250    
   1.56900001       1.66637862    
   1.57000005       1.65648472    
   1.57099998       1.64684665    
   1.57200003       1.63678622    
   1.57299995       1.62708628    
   1.57400000       1.61705804    
   1.57500005       1.60716414    
   1.57599998       1.59752023    
   1.57700002       1.58746576    
   1.57799995       1.57775986    
   1.57900000       1.56773746    
   1.58000004       1.55787337    
   1.58099997       1.54822361    
   1.58200002       1.53814518    
   1.58299994       1.52849305    
   1.58399999       1.51844680    
   1.58500004       1.50858271    
   1.58599997       1.49892700    
   1.58700001       1.48888421    
   1.58800006       1.47902012    
   1.58899999       1.46936095    
   1.59000003       1.45932174    
   1.59099996       1.44963038    
   1.59200001       1.43962336    
   1.59300005       1.42975926    
   1.59399998       1.42009413    
   1.59500003       1.41009057    
   1.59599996       1.40039337    
   1.59700000       1.39036238    
   1.59800005       1.38052809    
   1.59899998       1.37085712    
   1.60000002       1.36082971    
   1.60099995       1.35118628    
   1.60200000       1.34113121    
   1.60300004       1.33132672    
   1.60399997       1.32162023    
   1.60500002       1.31162834    
   1.60599995       1.30191946    
   1.60699999       1.29195976    
   1.60800004       1.28209555    
   1.60899997       1.27241302    
   1.61000001       1.26242697    
   1.61099994       1.25271225    
   1.61199999       1.24275839    
   1.61300004       1.23292410    
   1.61399996       1.22320580    
   1.61500001       1.21322560    
   1.61600006       1.20342112    
   1.61699998       1.19369936    
   1.61800003       1.18375254    
   1.61899996       1.17402840    
   1.62000000       1.16405416    
   1.62100005       1.15424967    
   1.62199998       1.14452195    
   1.62300003       1.13458097    
   1.62399995       1.12488079    
   1.62500000       1.11491239    
   1.62600005       1.10507810    
   1.62699997       1.09537435    
   1.62800002       1.08543932    
   1.62899995       1.07570338    
   1.63000000       1.06577063    
   1.63100004       1.05593634    
   1.63199997       1.04625654    
   1.63300002       1.03626776    
   1.63399994       1.02658558    
   1.63499999       1.01662886    
   1.63600004       1.00682437    
   1.63699996      0.997108936    
   1.63800001      0.987155795    
   1.63900006      0.977351308    
   1.63999999      0.967632353    
   1.64100003      0.957682669    
   1.64199996      0.947991192    
   1.64300001      0.938043892    
   1.64400005      0.928239346    
   1.64499998      0.918514550    
   1.64600003      0.908600569    
   1.64699996      0.898873389    
   1.64800000      0.888961732    
   1.64900005      0.879127443    
   1.64999998      0.869426548    
   1.65100002      0.859488606    
   1.65199995      0.849785388    
   1.65300000      0.839879632    
   1.65400004      0.830045283    
   1.65499997      0.820308745    
   1.65600002      0.810436308    
   1.65699995      0.800667644    
   1.65799999      0.790797472    
   1.65900004      0.780963182    
   1.65999997      0.771250606    
   1.66100001      0.761354148    
   1.66199994      0.751609445    
   1.66299999      0.741715312    
   1.66400003      0.731910825    
   1.66499996      0.722162604    
   1.66600001      0.712272048    
   1.66700006      0.702467501    
   1.66799998      0.692745566    
   1.66900003      0.682828724    
   1.66999996      0.673134267    
   1.67100000      0.663219690    
   1.67200005      0.653385401    
   1.67299998      0.643687427    
   1.67400002      0.633806169    
   1.67499995      0.624046266    
   1.67600000      0.614167333    
   1.67700005      0.604362845    
   1.67799997      0.594629228    
   1.67900002      0.584753871    
   1.67999995      0.575017869    
   1.68099999      0.565115035    
   1.68200004      0.555340350    
   1.68299997      0.545571029    
   1.68400002      0.535731316    
   1.68499994      0.525959730    
   1.68599999      0.516092479    
   1.68700004      0.506287992    
   1.68799996      0.496572495    
   1.68900001      0.486678988    
   1.69000006      0.476874471    
   1.69099998      0.467125654    
   1.69200003      0.457265466    
   1.69299996      0.447514296    
   1.69400001      0.437656462    
   1.69500005      0.427851945    
   1.69599998      0.418097287    
   1.69700003      0.408242941    
   1.69799995      0.398515731    
   1.69900000      0.388633937    
   1.70000005      0.378829420    
   1.70099998      0.369068921    
   1.70200002      0.359250218    
   1.70299995      0.349457562    
   1.70400000      0.339641184    
   1.70500004      0.329806894    
   1.70599997      0.320070326    
   1.70700002      0.310197890    
   1.70799994      0.300458997    
   1.70899999      0.290618658    
   1.71000004      0.280814171    
   1.71099997      0.271041960    
   1.71200001      0.261234939    
   1.71300006      0.251400650    
   1.71399999      0.241624936    
   1.71500003      0.231821433    
   1.71599996      0.222043395    
   1.71700001      0.212182626    
   1.71800005      0.202407911    
   1.71899998      0.192656174    
   1.72000003      0.182798907    
   1.72099996      0.173015028    
   1.72200000      0.163219690    
   1.72300005      0.153385386    
   1.72399998      0.143627807    
   1.72500002      0.133806169    
   1.72599995      0.124016449    
   1.72700000      0.114197165    
   1.72800004      0.104422458    
   1.72899997       9.45994258E-02
   1.73000002       8.48134458E-02
   1.73099995       7.50178844E-02
   1.73199999       6.52044341E-02
   1.73300004       5.53999282E-02
   1.73399997       4.56306636E-02
   1.73500001       3.57909165E-02
   1.73599994       2.60193124E-02
   1.73699999       1.62117053E-02
   1.73800004       6.40719989E-03
   1.73899996      -3.39771109E-03
   1.74000001      -1.31720109E-02
   1.74100006      -2.30063181E-02
   1.74199998      -3.27849314E-02
   1.74300003      -4.25855294E-02
   1.74399996      -5.23962788E-02
   1.74500000      -6.21945411E-02
   1.74600005      -7.19692484E-02
   1.74699998      -8.18133056E-02
   1.74800003      -9.15782601E-02
   1.74899995     -0.101394847    
   1.75000000     -0.111187272    
   1.75100005     -0.120991774    
   1.75199997     -0.130782068    
   1.75300002     -0.140600786    
   1.75399995     -0.150393426    
   1.75500000     -0.160180002    
   1.75600004     -0.169984505    
   1.75699997     -0.179780632    
   1.75800002     -0.189593509    
   1.75899994     -0.199391991    
   1.75999999     -0.209172726    
   1.76100004     -0.218977228    
   1.76199996     -0.228779212    
   1.76300001     -0.238586247    
   1.76400006     -0.248360947    
   1.76499999     -0.258196235    
   1.76600003     -0.267969966    
   1.76699996     -0.277777791    
   1.76800001     -0.287578970    
   1.76900005     -0.297353685    
   1.76999998     -0.307164997    
   1.77100003     -0.316962689    
   1.77199996     -0.326776356    
   1.77300000     -0.336541891    
   1.77400005     -0.346346408    
   1.77499998     -0.356193364    
   1.77600002     -0.365925610    
   1.77699995     -0.375774920    
   1.77800000     -0.385504842    
   1.77900004     -0.395339131    
   1.77999997     -0.405162126    
   1.78100002     -0.414918333    
   1.78199995     -0.424743682    
   1.78299999     -0.434497565    
   1.78400004     -0.444302052    
   1.78499997     -0.454160720    
   1.78600001     -0.463881284    
   1.78699994     -0.473742247    
   1.78799999     -0.483460486    
   1.78900003     -0.493265003    
   1.78999996     -0.503129482    
   1.79100001     -0.512844205    
   1.79200006     -0.522648692    
   1.79299998     -0.532516718    
   1.79400003     -0.542227924    
   1.79499996     -0.552098215    
   1.79600000     -0.561807156    
   1.79700005     -0.571611643    
   1.79799998     -0.581455648    
   1.79900002     -0.591190875    
   1.79999995     -0.601067007    
   1.80100000     -0.610770047    
   1.80200005     -0.620574534    
   1.80299997     -0.630424440    
   1.80400002     -0.640123963    
   1.80499995     -0.650005937    
   1.80599999     -0.659732997    
   1.80700004     -0.669507682    
   1.80799997     -0.679393172    
   1.80900002     -0.689057112    
   1.80999994     -0.698974729    
   1.81099999     -0.708666086    
   1.81200004     -0.718440831    
   1.81299996     -0.728332162    
   1.81400001     -0.738020003    
   1.81500006     -0.747794747    
   1.81599998     -0.757689536    
   1.81700003     -0.767373919    
   1.81799996     -0.777241290    
   1.81900001     -0.786953151    
   1.82000005     -0.796727836    
   1.82099998     -0.806628525    
   1.82200003     -0.816307068    
   1.82299995     -0.826180279    
   1.82400000     -0.835856497    
   1.82500005     -0.845631182    
   1.82599998     -0.855537653    
   1.82700002     -0.865210414    
   1.82799995     -0.875089407    
   1.82900000     -0.884789586    
   1.83000004     -0.894534528    
   1.83099997     -0.904446840    
   1.83200002     -0.914113700    
   1.83299994     -0.923998594    
   1.83399999     -0.933663130    
   1.83500004     -0.943437815    
   1.83599997     -0.953355968    
   1.83700001     -0.962987244    
   1.83800006     -0.972791731    
   1.83899999     -0.982653797    
   1.84000003     -0.992341161    
   1.84099996      -1.00220549    
   1.84200001      -1.01189053    
   1.84300005      -1.02166533    
   1.84399998      -1.03153312    
   1.84500003      -1.04121470    
   1.84599996      -1.05108488    
   1.84700000      -1.06073427    
   1.84800005      -1.07053876    
   1.84899998      -1.08041251    
   1.85000002      -1.09005845    
   1.85099995      -1.09996426    
   1.85200000      -1.10957801    
   1.85300004      -1.11938250    
   1.85399997      -1.12926209    
   1.85500002      -1.13890219    
   1.85599995      -1.14881372    
   1.85699999      -1.15845156    
   1.85800004      -1.16819644    
   1.85899997      -1.17811155    
   1.86000001      -1.18774581    
   1.86099994      -1.19763350    
   1.86199999      -1.20726550    
   1.86300004      -1.21701038    
   1.86399996      -1.22696114    
   1.86500001      -1.23652995    
   1.86600006      -1.24633443    
   1.86699998      -1.25622916    
   1.86800003      -1.26582432    
   1.86899996      -1.27575111    
   1.87000000      -1.28537369    
   1.87100005      -1.29508877    
   1.87199998      -1.30504882    
   1.87300003      -1.31463826    
   1.87399995      -1.32454097    
   1.87500000      -1.33412802    
   1.87600005      -1.34390271    
   1.87699997      -1.35380900    
   1.87800002      -1.36342239    
   1.87899995      -1.37333095    
   1.88000000      -1.38291216    
   1.88100004      -1.39265704    
   1.88199997      -1.40259898    
   1.88300002      -1.41217661    
   1.88399994      -1.42209113    
   1.88499999      -1.43166649    
   1.88600004      -1.44141138    
   1.88699996      -1.45132923    
   1.88800001      -1.46093094    
   1.88900006      -1.47067583    
   1.88999999      -1.48056746    
   1.89100003      -1.49016571    
   1.89199996      -1.50005960    
   1.89300001      -1.50965548    
   1.89400005      -1.51937056    
   1.89499998      -1.52932763    
   1.89600003      -1.53886044    
   1.89699996      -1.54881978    
   1.89800000      -1.55835021    
   1.89900005      -1.56809509    
   1.89999998      -1.57799828    
   1.90100002      -1.58758497    
   1.90199995      -1.59749043    
   1.90300000      -1.60704494    
   1.90400004      -1.61678982    
   1.90499997      -1.62669885    
   1.90600002      -1.63624990    
   1.90699995      -1.64616120    
   1.90799999      -1.65573967    
   1.90900004      -1.66542494    
   1.90999997      -1.67539942    
   1.91100001      -1.68488503    
   1.91199994      -1.69486165    
   1.91299999      -1.70434499    
   1.91400003      -1.71411967    
   1.91499996      -1.72401047    
   1.91600001      -1.73354983    
   1.91700006      -1.74326503    
   1.91799998      -1.75321889    
   1.91900003      -1.76272500    
   1.91999996      -1.77265143    
   1.92100000      -1.78218496    
   1.92200005      -1.79187036    
   1.92299998      -1.80183005    
   1.92400002      -1.81133032    
   1.92499995      -1.82126248    
   1.92600000      -1.83076048    
   1.92700005      -1.84047568    
   1.92799997      -1.85044110    
   1.92900002      -1.85990584    
   1.92999995      -1.86984384    
   1.93099999      -1.87933600    
   1.93200004      -1.88905108    
   1.93299997      -1.89899266    
   1.93400002      -1.90848136    
   1.93499994      -1.91842508    
   1.93599999      -1.92788172    
   1.93700004      -1.93762660    
   1.93799996      -1.94754410    
   1.93900001      -1.95699728    
   1.94000006      -1.96674216    
   1.94099998      -1.97666311    
   1.94200003      -1.98611271    
   1.94299996      -1.99606586    
   1.94400001      -2.00554299    
   1.94500005      -2.01522827    
   1.94599998      -2.02518487    
   1.94700003      -2.03462863    
   1.94799995      -2.04455781    
   1.94900000      -2.05404401    
   1.95000005      -2.06371450    
   1.95099998      -2.07366180    
   1.95200002      -2.08311486    
   1.95299995      -2.09304953    
   1.95400000      -2.10250020    
   1.95500004      -2.11218572    
   1.95599997      -2.12212396    
   1.95700002      -2.13157105    
   1.95799994      -2.14151168    
   1.95899999      -2.15092683    
   1.96000004      -2.16062713    
   1.96099997      -2.17057109    
   1.96200001      -2.17999768    
   1.96300006      -2.18966794    
   1.96399999      -2.19961548    
   1.96500003      -2.20903873    
   1.96599996      -2.21898842    
   1.96700001      -2.22839427    
   1.96800005      -2.23806477    
   1.96899998      -2.24801803    
   1.97000003      -2.25743532    
   1.97099996      -2.26736116    
   1.97200000      -2.27677608    
   1.97300005      -2.28644657    
   1.97399998      -2.29637575    
   1.97500002      -2.30578732    
   1.97599995      -2.31573367    
   1.97700000      -2.32511330    
   1.97800004      -2.33478355    
   1.97899997      -2.34473348    
   1.98000002      -2.35412455    
   1.98099995      -2.36406183    
   1.98199999      -2.37343550    
   1.98300004      -2.38310575    
   1.98399997      -2.39304662    
   1.98500001      -2.40243173    
   1.98599994      -2.41235995    
   1.98699999      -2.42172790    
   1.98800004      -2.43139815    
   1.98899996      -2.44132996    
   1.99000001      -2.45070934    
   1.99100006      -2.46034980    
   1.99199998      -2.47028494    
   1.99300003      -2.47966075    
   1.99399996      -2.48958325    
   1.99500000      -2.49895692    
   1.99600005      -2.50858259    
   1.99699998      -2.51853848    
   1.99800003      -2.52787876    
   1.99899995      -2.53782177    
   2.00000000      -2.54715991    
   2.00099993      -2.55712032    
   2.00200009      -2.56613517    
   2.00300002      -2.57638144    
   2.00399995      -2.58602309    
   2.00500011      -2.59504628    
   2.00600004      -2.60529184    
   2.00699997      -2.61492610    
   2.00799990      -2.62456775    
   2.00900006      -2.63355923    
   2.00999999      -2.64382887    
   2.01099992      -2.65344834    
   2.01200008      -2.66244793    
   2.01300001      -2.67270207    
   2.01399994      -2.68233633    
   2.01500010      -2.69131398    
   2.01600003      -2.70157528    
   2.01699996      -2.71119452    
   2.01799989      -2.72082138    
   2.01900005      -2.72978997    
   2.01999998      -2.74005270    
   2.02099991      -2.74967217    
   2.02200007      -2.75862622    
   2.02300000      -2.76890349    
   2.02399993      -2.77850795    
   2.02500010      -2.78745532    
   2.02600002      -2.79773188    
   2.02699995      -2.80734372    
   2.02800012      -2.81627679    
   2.02900004      -2.82655287    
   2.02999997      -2.83615732    
   2.03099990      -2.84576178    
   2.03200006      -2.85468197    
   2.03299999      -2.86495972    
   2.03399992      -2.87456417    
   2.03500009      -2.88346982    
   2.03600001      -2.89375448    
   2.03699994      -2.90335155    
   2.03800011      -2.91224861    
   2.03900003      -2.92253637    
   2.03999996      -2.93212771    
   2.04099989      -2.94171548    
   2.04200006      -2.95059967    
   2.04299998      -2.96089196    
   2.04399991      -2.97047591    
   2.04500008      -2.97934937    
   2.04600000      -2.98964190    
   2.04699993      -2.99922371    
   2.04800010      -2.98906755    
   2.04900002      -2.72568321    
   2.04999995      -2.19466472    
   2.05100012      -1.48298526    
   2.05200005     -0.670683742    
   2.05299997      0.159179226    
   2.05399990      0.925360739    
   2.05500007       1.55741680    
   2.05599999       2.00335050    
   2.05699992       2.23004293    
   2.05800009       2.26163530    
   2.05900002       2.25225067    
   2.05999994       2.24232626    
   2.06100011       2.23187065    
   2.06200004       2.22248125    
   2.06299996       2.21255898    
   2.06399989       2.20263886    
   2.06500006       2.19219875    
   2.06599998       2.18280196    
   2.06699991       2.17288470    
   2.06800008       2.16245341    
   2.06900001       2.15305543    
   2.06999993       2.14314151    
   2.07100010       2.13271928    
   2.07200003       2.12331796    
   2.07299995       2.11340594    
   2.07399988       2.10349607    
   2.07500005       2.09308696    
   2.07599998       2.08367991    
   2.07699990       2.07377362    
   2.07800007       2.06337523    
   2.07900000       2.05396485    
   2.07999992       2.04405856    
   2.08100009       2.03367472    
   2.08200002       2.02425337    
   2.08299994       2.01435447    
   2.08400011       2.00397801    
   2.08500004       1.99455690    
   2.08599997       1.98466182    
   2.08699989       1.97475934    
   2.08800006       1.96439958    
   2.08899999       1.95497286    
   2.08999991       1.94507778    
   2.09100008       1.93472135    
   2.09200001       1.92529511    
   2.09299994       1.91540003    
   2.09400010       1.90505815    
   2.09500003       1.89562476    
   2.09599996       1.88572967    
   2.09699988       1.87584949    
   2.09800005       1.86551702    
   2.09899998       1.85607409    
   2.09999990       1.84618652    
   2.10100007       1.83586860    
   2.10200000       1.82642615    
   2.10299993       1.81653845    
   2.10400009       1.80623507    
   2.10500002       1.79677808    
   2.10599995       1.78689790    
   2.10700011       1.77660155    
   2.10800004       1.76714504    
   2.10899997       1.75726485    
   2.10999990       1.74739206    
   2.11100006       1.73710513    
   2.11199999       1.72763920    
   2.11299992       1.71777391    
   2.11400008       1.70748663    
   2.11500001       1.69802845    
   2.11599994       1.68815565    
   2.11700010       1.67788291    
   2.11800003       1.66841018    
   2.11899996       1.65854490    
   2.11999989       1.64867961    
   2.12100005       1.63842368    
   2.12199998       1.62894166    
   2.12299991       1.61907637    
   2.12400007       1.60883498    
   2.12500000       1.59935319    
   2.12599993       1.58948791    
   2.12700009       1.57924616    
   2.12800002       1.56977224    
   2.12899995       1.55990696    
   2.13000011       1.54967225    
   2.13100004       1.54017639    
   2.13199997       1.53032601    
   2.13299990       1.52047563    
   2.13400006       1.51025033    
   2.13499999       1.50075996    
   2.13599992       1.49089468    
   2.13700008       1.48069131    
   2.13800001       1.47119391    
   2.13899994       1.46134353    
   2.14000010       1.45113230    
   2.14100003       1.44162798    
   2.14199996       1.43179250    
   2.14299989       1.42192721    
   2.14400005       1.41174018    
   2.14499998       1.40224135    
   2.14599991       1.39237607    
   2.14700007       1.38221097    
   2.14800000       1.37269020    
   2.14899993       1.36283982    
   2.15000010       1.35266685    
   2.15100002       1.34315395    
   2.15199995       1.33330357    
   2.15300012       1.32315254    
   2.15400004       1.31361771    
   2.15499997       1.30378222    
   2.15599990       1.29393184    
   2.15700006       1.28379023    
   2.15799999       1.27424598    
   2.15899992       1.26441050    
   2.16000009       1.25427592    
   2.16100001       1.24472463    
   2.16199994       1.23490405    
   2.16300011       1.22476161    
   2.16400003       1.21521819    
   2.16499996       1.20538270    
   2.16599989       1.19554722    
   2.16700006       1.18542910    
   2.16799998       1.17587626    
   2.16899991       1.16605568    
   2.17000008       1.15592968    
   2.17100000       1.14636981    
   2.17199993       1.13654923    
   2.17300010       1.12644517    
   2.17400002       1.11687827    
   2.17499995       1.10704279    
   2.17600012       1.09696066    
   2.17700005       1.08738673    
   2.17799997       1.07755125    
   2.17899990       1.06773067    
   2.18000007       1.05765796    
   2.18099999       1.04807460    
   2.18199992       1.03823912    
   2.18300009       1.02817345    
   2.18400002       1.01859796    
   2.18499994       1.00876248    
   2.18600011      0.998703837    
   2.18700004      0.989121377    
   2.18799996      0.979285896    
   2.18899989      0.969480217    
   2.19000006      0.959415972    
   2.19099998      0.949809253    
   2.19199991      0.940003574    
   2.19300008      0.929961264    
   2.19400001      0.920347512    
   2.19499993      0.910541832    
   2.19600010      0.900491655    
   2.19700003      0.890900671    
   2.19799995      0.881065190    
   2.19899988      0.871259511    
   2.20000005      0.861218691    
   2.20099998      0.851618409    
   2.20199990      0.841797829    
   2.20300007      0.831778884    
   2.20400000      0.822171569    
   2.20499992      0.812336087    
   2.20600009      0.802339077    
   2.20700002      0.792709827    
   2.20799994      0.782904148    
   2.20900011      0.772899270    
   2.21000004      0.763262987    
   2.21099997      0.753442407    
   2.21199989      0.743636727    
   2.21300006      0.733656168    
   2.21399999      0.724010468    
   2.21499991      0.714189887    
   2.21600008      0.704216301    
   2.21700001      0.694563687    
   2.21799994      0.684758008    
   2.21900010      0.674791396    
   2.22000003      0.665131748    
   2.22099996      0.655311167    
   2.22199988      0.645520389    
   2.22300005      0.635548294    
   2.22399998      0.625879228    
   2.22499990      0.616088450    
   2.22600007      0.606123388    
   2.22700000      0.596462190    
   2.22799993      0.586641610    
   2.22900009      0.576713324    
   2.23000002      0.567030311    
   2.23099995      0.557224631    
   2.23200011      0.547288418    
   2.23300004      0.537598372    
   2.23399997      0.527807593    
   2.23499990      0.517987013    
   2.23600006      0.508075118    
   2.23699999      0.498375654    
   2.23799992      0.488569975    
   2.23900008      0.478650182    
   2.24000001      0.468958646    
   2.24099994      0.459152967    
   2.24200010      0.449240178    
   2.24300003      0.439541608    
   2.24399996      0.429750830    
   2.24499989      0.419930249    
   2.24600005      0.410011917    
   2.24699998      0.400333822    
   2.24799991      0.390528142    
   2.24900007      0.380601913    
   2.25000000      0.370916784    
   2.25099993      0.361111104    
   2.25200009      0.351221681    
   2.25300002      0.341499776    
   2.25399995      0.331694096    
   2.25500011      0.321811676    
   2.25600004      0.312082738    
   2.25699997      0.302277058    
   2.25799990      0.292501181    
   2.25900006      0.282598317    
   2.25999999      0.272889853    
   2.26099992      0.263054371    
   2.26200008      0.253218114    
   2.26300001      0.243472815    
   2.26399994      0.233667150    
   2.26500010      0.223808110    
   2.26600003      0.214055791    
   2.26699996      0.204279929    
   2.26799989      0.194444448    
   2.26900005      0.184624553    
   2.26999998      0.174862906    
   2.27099991      0.165057227    
   2.27200007      0.155214548    
   2.27300000      0.145445868    
   2.27399993      0.135640204    
   2.27500010      0.125834331    
   2.27600002      0.116058655    
   2.27699995      0.106223173    
   2.27800012       9.64541137E-02
   2.27900004       8.66416320E-02
   2.27999997       7.68359527E-02
   2.28099990       6.70600832E-02
   2.28200006       5.72109669E-02
   2.28299999       4.74487357E-02
   2.28399992       3.76430601E-02
   2.28500009       2.78307516E-02
   2.28600001       1.80317126E-02
   2.28699994       8.25584214E-03
   2.28800011      -1.54946360E-03
   2.28900003      -1.13853123E-02
   2.28999996      -2.11611819E-02
   2.29099989      -3.09370533E-02
   2.29200006      -4.07628119E-02
   2.29299998      -5.05782068E-02
   2.29399991      -6.03540763E-02
   2.29500008      -7.01430291E-02
   2.29600000      -7.99654275E-02
   2.29699993      -8.97710994E-02
   2.29800010      -9.95530412E-02
   2.29900002     -0.109352648    
   2.29999995     -0.119158320    
   2.30100012     -0.128963053    
   2.30200005     -0.138769671    
   2.30299997     -0.148545548    
   2.30399990     -0.158381015    
   2.30500007     -0.168116808    
   2.30599999     -0.177962571    
   2.30699992     -0.187768236    
   2.30800009     -0.197526813    
   2.30900002     -0.207379594    
   2.30999994     -0.217155457    
   2.31100011     -0.226907030    
   2.31200004     -0.236766815    
   2.31299996     -0.246572480    
   2.31399989     -0.256378174    
   2.31500006     -0.266090572    
   2.31599998     -0.275959700    
   2.31699991     -0.285765380    
   2.31800008     -0.295500606    
   2.31900001     -0.305346936    
   2.31999993     -0.315152586    
   2.32100010     -0.324880809    
   2.32200003     -0.334763944    
   2.32299995     -0.344539821    
   2.32399988     -0.354345500    
   2.32500005     -0.364064366    
   2.32599998     -0.373956829    
   2.32699990     -0.383732706    
   2.32800007     -0.393444568    
   2.32900000     -0.403344065    
   2.32999992     -0.413119942    
   2.33100009     -0.422824800    
   2.33200002     -0.432716370    
   2.33299994     -0.442522049    
   2.33400011     -0.452205002    
   2.33500004     -0.462118506    
   2.33599997     -0.471909285    
   2.33699989     -0.481700033    
   2.33800006     -0.491373658    
   2.33899999     -0.501296520    
   2.33999991     -0.511087239    
   2.34100008     -0.520753860    
   2.34200001     -0.530668795    
   2.34299994     -0.540474474    
   2.34400010     -0.550134063    
   2.34500003     -0.560056031    
   2.34599996     -0.569846809    
   2.34699988     -0.579637587    
   2.34800005     -0.589287817    
   2.34899998     -0.599219143    
   2.34999990     -0.609024823    
   2.35100007     -0.618653178    
   2.35200000     -0.628606319    
   2.35299993     -0.638382196    
   2.35400009     -0.648033381    
   2.35500002     -0.657963753    
   2.35599995     -0.667769432    
   2.35700011     -0.677383780    
   2.35800004     -0.687336087    
   2.35899997     -0.697126865    
   2.35999990     -0.706917644    
   2.36100006     -0.716537535    
   2.36199999     -0.726484239    
   2.36299992     -0.736289918    
   2.36400008     -0.745887935    
   2.36500001     -0.755856574    
   2.36599994     -0.765632451    
   2.36700010     -0.775253296    
   2.36800003     -0.785214007    
   2.36899996     -0.794989884    
   2.36999989     -0.804795563    
   2.37100005     -0.814362347    
   2.37199998     -0.824362159    
   2.37299991     -0.834138036    
   2.37400007     -0.843712747    
   2.37500000     -0.853704691    
   2.37599993     -0.863480568    
   2.37700009     -0.873063147    
   2.37800002     -0.883047223    
   2.37899995     -0.892838001    
   2.38000011     -0.902398705    
   2.38100004     -0.912389696    
   2.38199997     -0.922165573    
   2.38299990     -0.931956351    
   2.38400006     -0.941507757    
   2.38499999     -0.951508105    
   2.38599992     -0.961283982    
   2.38700008     -0.970843256    
   2.38800001     -0.980850637    
   2.38899994     -0.990611613    
   2.39000010      -1.00016391    
   2.39100003      -1.01016331    
   2.39199996      -1.01995409    
   2.39299989      -1.02972996    
   2.39400005      -1.03924310    
   2.39499998      -1.04928172    
   2.39599991      -1.05904269    
   2.39700007      -1.06856382    
   2.39800000      -1.07859445    
   2.39899993      -1.08835542    
   2.40000010      -1.09786952    
   2.40100002      -1.10790718    
   2.40199995      -1.11768305    
   2.40300012      -1.12717521    
   2.40400004      -1.13720489    
   2.40499997      -1.14699566    
   2.40599990      -1.15674174    
   2.40700006      -1.16623962    
   2.40799999      -1.17629349    
   2.40899992      -1.18605447    
   2.41000009      -1.19553041    
   2.41100001      -1.20559132    
   2.41199994      -1.21535230    
   2.41300011      -1.22482121    
   2.41400003      -1.23487425    
   2.41499996      -1.24463522    
   2.41599989      -1.25441110    
   2.41700006      -1.26385581    
   2.41799998      -1.27393305    
   2.41899991      -1.28367901    
   2.42000008      -1.29314661    
   2.42100000      -1.30320096    
   2.42199993      -1.31296194    
   2.42300010      -1.32240760    
   2.42400002      -1.33248389    
   2.42499995      -1.34222996    
   2.42600012      -1.35168350    
   2.42700005      -1.36173701    
   2.42799997      -1.37151289    
   2.42899990      -1.38125896    
   2.43000007      -1.39067340    
   2.43099999      -1.40076602    
   2.43199992      -1.41052699    
   2.43300009      -1.41991949    
   2.43400002      -1.43001902    
   2.43499994      -1.43978000    
   2.43600011      -1.44916570    
   2.43700004      -1.45927215    
   2.43799996      -1.46901822    
   2.43899989      -1.47876430    
   2.44000006      -1.48815548    
   2.44099998      -1.49825644    
   2.44199991      -1.50800252    
   2.44300008      -1.51738679    
   2.44400001      -1.52749467    
   2.44499993      -1.53722584    
   2.44600010      -1.54661798    
   2.44700003      -1.55671787    
   2.44799995      -1.56644905    
   2.44899988      -1.57621002    
   2.45000005      -1.58556318    
   2.45099998      -1.59567237    
   2.45199990      -1.60541844    
   2.45300007      -1.61476457    
   2.45400000      -1.62488818    
   2.45499992      -1.63462687    
   2.45600009      -1.64397347    
   2.45700002      -1.65408921    
   2.45799994      -1.66382778    
   2.45900011      -1.67315996    
   2.46000004      -1.68329751    
   2.46099997      -1.69302130    
   2.46199989      -1.70275247    
   2.46300006      -1.71207535    
   2.46399999      -1.72220731    
   2.46499991      -1.73193848    
   2.46600008      -1.74124706    
   2.46700001      -1.75139332    
   2.46799994      -1.76111710    
   2.46900010      -1.77041864    
   2.47000003      -1.78056455    
   2.47099996      -1.79028070    
   2.47199988      -1.80001187    
   2.47300005      -1.80929673    
   2.47399998      -1.81945193    
   2.47499990      -1.82916820    
   2.47600007      -1.83844602    
   2.47700000      -1.84860063    
   2.47799993      -1.85832441    
   2.47900009      -1.86758792    
   2.48000002      -1.87774944    
   2.48099995      -1.88746572    
   2.48200011      -1.89672971    
   2.48300004      -1.90689075    
   2.48399997      -1.91659963    
   2.48499990      -1.92630839    
   2.48600006      -1.93556321    
   2.48699999      -1.94572604    
   2.48799992      -1.95543861    
   2.48900008      -1.96467519    
   2.49000001      -1.97484875    
   2.49099994      -1.98455381    
   2.49200010      -1.99378347    
   2.49300003      -2.00396037    
   2.49399996      -2.01366162    
   2.49499989      -2.02336287    
   2.49600005      -2.03257608    
   2.49699998      -2.04276204    
   2.49799991      -2.05245972    
   2.49900007      -2.06166577    
